2 956.319 
3 939.607 
4 922.849 
5 907.392 
6 892.552 
7 877.977 
8 863.499 
9 848.531 
10 834.475 
11 819.778 
12 805.169 
13 789.791 
14 774.926 
15 760.67 
16 745.044 
17 728.925 
18 713.648 
19 699.646 
20 686.221 
21 671.985 
22 657.178 
23 642.377 
24 627.888 
25 613.684 
26 599.533 
27 585.6 
28 572.055 
29 558.884 
30 545.866 
31 532.705 
32 519.552 
33 506.661 
34 494.24 
35 482.448 
36 471.383 
37 461.076 
38 451.483 
39 442.48 
40 433.851 
41 425.368 
42 417.068 
43 409.055 
44 401.418 
45 394.232 
46 387.557 
47 381.431 
48 375.876 
49 370.89 
50 366.448 
51 362.52 
52 359.142 
53 356.358 
54 354.203 
55 352.703 
56 351.873 
57 351.715 
58 352.22 
59 353.366 
60 355.114 
61 357.43 
62 360.327 
63 363.83 
64 367.958 
65 372.726 
66 378.146 
67 384.221 
68 390.953 
69 398.335 
70 406.355 
71 415 
72 424.278 
73 434.198 
74 444.768 
75 455.991 
76 467.868 
77 480.397 
78 493.572 
79 507.383 
80 521.816 
81 536.859 
82 552.511 
83 568.772 
84 585.641 
85 603.117 
86 621.193 
87 639.863 
88 659.117 
89 678.943 
90 699.329 
91 720.259 
92 741.727 
93 763.73 
94 786.259 
95 809.308 
96 832.868 
97 856.927 
98 881.475 
99 906.497 
100 931.979 
101 957.905 
102 984.269 
103 1011.06 
104 1038.28 
105 1065.91 
106 1093.95 
107 1122.39 
108 1151.22 
109 1180.41 
110 1209.98 
111 1239.89 
112 1270.14 
113 1300.72 
114 1331.6 
115 1362.78 
116 1394.22 
117 1425.93 
118 1457.87 
119 1490.03 
120 1522.39 
121 1554.92 
122 1587.62 
123 1620.46 
124 1653.44 
125 1686.54 
126 1719.75 
127 1753.06 
128 1786.44 
129 1819.89 
130 1853.39 
131 1886.92 
132 1920.47 
133 1954.02 
134 1987.55 
135 2021.05 
136 2054.5 
137 2087.88 
138 2121.17 
139 2154.36 
140 2187.42 
141 2220.34 
142 2253.1 
143 2285.69 
144 2318.09 
145 2350.3 
146 2382.3 
147 2414.07 
148 2445.6 
149 2476.89 
150 2507.91 
151 2538.65 
152 2569.11 
153 2599.26 
154 2629.09 
155 2658.59 
156 2687.75 
157 2716.56 
158 2745 
159 2773.05 
160 2800.72 
161 2827.97 
162 2854.81 
163 2881.21 
164 2907.17 
165 2932.68 
166 2957.72 
167 2982.29 
168 3006.36 
169 3029.94 
170 3053 
171 3075.55 
172 3097.56 
173 3119.02 
174 3139.94 
175 3160.29 
176 3180.06 
177 3199.25 
178 3217.85 
179 3235.84 
180 3253.22 
181 3269.98 
182 3286.11 
183 3301.6 
184 3316.45 
185 3330.66 
186 3344.21 
187 3357.11 
188 3369.34 
189 3380.91 
190 3391.81 
191 3402.03 
192 3411.58 
193 3420.45 
194 3428.63 
195 3436.13 
196 3442.94 
197 3449.07 
198 3454.5 
199 3459.25 
200 3463.31 
201 3466.67 
202 3469.35 
203 3471.33 
204 3472.62 
205 3473.21 
206 3473.1 
207 3472.3 
208 3470.8 
209 3468.61 
210 3465.72 
211 3462.14 
212 3457.86 
213 3452.89 
214 3447.23 
215 3440.89 
216 3433.86 
217 3426.15 
218 3417.77 
219 3408.71 
220 3398.99 
221 3388.6 
222 3377.56 
223 3365.86 
224 3353.52 
225 3340.54 
226 3326.93 
227 3312.7 
228 3297.85 
229 3282.39 
230 3266.34 
231 3249.7 
232 3232.47 
233 3214.69 
234 3196.34 
235 3177.45 
236 3158.03 
237 3138.09 
238 3117.64 
239 3096.7 
240 3075.28 
241 3053.4 
242 3031.06 
243 3008.29 
244 2985.1 
245 2961.52 
246 2937.54 
247 2913.21 
248 2888.52 
249 2863.51 
250 2838.18 
251 2812.57 
252 2786.67 
253 2760.51 
254 2734.07 
255 2707.39 
256 2680.45 
257 2653.28 
258 2625.87 
259 2598.25 
260 2570.42 
261 2542.39 
262 2514.16 
263 2485.76 
264 2457.18 
265 2428.45 
266 2399.56 
267 2370.54 
268 2341.39 
269 2312.12 
270 2282.75 
271 2253.28 
272 2223.73 
273 2194.12 
274 2164.44 
275 2134.72 
276 2104.97 
277 2075.2 
278 2045.41 
279 2015.63 
280 1985.85 
281 1956.1 
282 1926.39 
283 1896.72 
284 1867.1 
285 1837.56 
286 1808.1 
287 1778.73 
288 1749.46 
289 1720.32 
290 1691.31 
291 1662.44 
292 1633.72 
293 1605.18 
294 1576.82 
295 1548.65 
296 1520.7 
297 1492.97 
298 1465.48 
299 1438.24 
300 1411.26 
301 1384.57 
302 1358.16 
303 1332.04 
304 1306.22 
305 1280.71 
306 1255.52 
307 1230.64 
308 1206.08 
309 1181.86 
310 1157.98 
311 1134.44 
312 1111.24 
313 1088.41 
314 1065.93 
315 1043.83 
316 1022.09 
317 1000.74 
318 979.768 
319 959.188 
320 939.003 
321 919.219 
322 899.841 
323 880.874 
324 862.324 
325 844.196 
326 826.494 
327 809.225 
328 792.392 
329 776 
330 760.054 
331 744.558 
332 729.518 
333 714.937 
334 700.82 
335 687.171 
336 673.995 
337 661.294 
338 649.074 
339 637.338 
340 626.089 
341 615.332 
342 605.071 
343 595.307 
344 586.046 
345 577.29 
346 569.041 
347 561.305 
348 554.082 
349 547.377 
350 541.191 
351 535.527 
352 530.382 
353 525.752 
354 521.634 
355 518.023 
356 514.915 
357 512.306 
358 510.19 
359 508.562 
360 507.418 
361 506.751 
362 506.555 
363 506.825 
364 507.553 
365 508.733 
366 510.359 
367 512.421 
368 514.914 
369 517.83 
370 521.159 
371 524.894 
372 529.026 
373 533.546 
374 538.444 
375 543.712 
376 549.339 
377 555.314 
378 561.628 
379 568.27 
380 575.229 
381 582.492 
382 590.049 
383 597.888 
384 605.995 
385 614.359 
386 622.967 
387 631.804 
388 640.858 
389 650.115 
390 659.56 
391 669.178 
392 678.956 
393 688.876 
394 698.925 
395 709.086 
396 719.342 
397 729.677 
398 740.075 
399 750.517 
400 760.986 
401 771.467 
402 781.953 
403 792.443 
404 802.932 
405 813.418 
406 823.898 
407 834.367 
408 844.823 
409 855.262 
410 865.681 
411 876.076 
412 886.444 
413 896.78 
414 907.082 
415 917.346 
416 927.568 
417 937.743 
418 947.869 
419 957.941 
420 967.955 
421 977.907 
422 987.793 
423 997.608 
424 1007.35 
425 1017.01 
426 1026.59 
427 1036.08 
428 1045.48 
429 1054.79 
430 1063.99 
431 1073.09 
432 1082.07 
433 1090.94 
434 1099.69 
435 1108.32 
436 1116.82 
437 1125.18 
438 1133.4 
439 1141.48 
440 1149.4 
441 1157.18 
442 1164.79 
443 1172.23 
444 1179.5 
445 1186.6 
446 1193.52 
447 1200.24 
448 1206.77 
449 1213.11 
450 1219.23 
451 1225.15 
452 1230.85 
453 1236.35 
454 1241.62 
455 1246.69 
456 1251.53 
457 1256.16 
458 1260.57 
459 1264.77 
460 1268.74 
461 1272.5 
462 1276.03 
463 1279.35 
464 1282.44 
465 1285.3 
466 1287.95 
467 1290.37 
468 1292.57 
469 1294.54 
470 1296.28 
471 1297.8 
472 1299.1 
473 1300.16 
474 1301 
475 1301.61 
476 1301.99 
477 1302.14 
478 1302.07 
479 1301.76 
480 1301.23 
481 1300.47 
482 1299.47 
483 1298.25 
484 1296.79 
485 1295.11 
486 1293.19 
487 1291.05 
488 1288.67 
489 1286.06 
490 1283.23 
491 1280.16 
492 1276.86 
493 1273.33 
494 1269.57 
495 1265.59 
496 1261.37 
497 1256.92 
498 1252.24 
499 1247.34 
500 1242.2 
501 1236.84 
502 1231.26 
503 1225.46 
504 1219.45 
505 1213.23 
506 1206.81 
507 1200.2 
508 1193.4 
509 1186.42 
510 1179.26 
511 1171.93 
512 1164.45 
513 1156.8 
514 1149.01 
515 1141.08 
516 1133.01 
517 1124.81 
518 1116.49 
519 1108.06 
520 1099.53 
521 1090.89 
522 1082.17 
523 1073.36 
524 1064.48 
525 1055.54 
526 1046.53 
527 1037.48 
528 1028.39 
529 1019.26 
530 1010.11 
531 1000.95 
532 991.778 
533 982.613 
534 973.46 
535 964.331 
536 955.233 
537 946.177 
538 937.173 
539 928.23 
540 919.359 
541 910.57 
542 901.873 
543 893.279 
544 884.799 
545 876.443 
546 868.222 
547 860.147 
548 852.23 
549 844.482 
550 836.913 
551 829.536 
552 822.353 
553 815.367 
554 808.582 
555 802 
556 795.625 
557 789.458 
558 783.503 
559 777.764 
560 772.241 
561 766.94 
562 761.862 
563 757.011 
564 752.39 
565 748.001 
566 743.847 
567 739.932 
568 736.259 
569 732.831 
570 729.65 
571 726.72 
572 724.044 
573 721.625 
574 719.466 
575 717.57 
576 715.94 
577 714.58 
578 713.493 
579 712.681 
580 712.148 
581 711.898 
582 711.932 
583 712.256 
584 712.871 
585 713.782 
586 714.99 
587 716.501 
588 718.316 
589 720.439 
590 722.874 
591 725.624 
592 728.692 
593 732.082 
594 735.797 
595 739.839 
596 744.214 
597 748.924 
598 753.972 
599 759.362 
600 765.098 
601 771.181 
602 777.609 
603 784.377 
604 791.482 
605 798.919 
606 806.683 
607 814.77 
608 823.175 
609 831.894 
610 840.922 
611 850.253 
612 859.884 
613 869.808 
614 880.02 
615 890.516 
616 901.29 
617 912.336 
618 923.649 
619 935.223 
620 947.053 
621 959.133 
622 971.456 
623 984.017 
624 996.81 
625 1009.83 
626 1023.06 
627 1036.51 
628 1050.17 
629 1064.03 
630 1078.07 
631 1092.31 
632 1106.72 
633 1121.31 
634 1136.06 
635 1150.97 
636 1166.02 
637 1181.23 
638 1196.56 
639 1212.03 
640 1227.61 
641 1243.31 
642 1259.12 
643 1275.01 
644 1291 
645 1307.07 
646 1323.21 
647 1339.41 
648 1355.67 
649 1371.97 
650 1388.31 
651 1404.68 
652 1421.08 
653 1437.49 
654 1453.91 
655 1470.33 
656 1486.75 
657 1503.17 
658 1519.57 
659 1535.95 
660 1552.31 
661 1568.63 
662 1584.91 
663 1601.15 
664 1617.33 
665 1633.45 
666 1649.51 
667 1665.49 
668 1681.4 
669 1697.21 
670 1712.93 
671 1728.55 
672 1744.06 
673 1759.45 
674 1774.72 
675 1789.85 
676 1804.85 
677 1819.7 
678 1834.4 
679 1848.93 
680 1863.29 
681 1877.48 
682 1891.48 
683 1905.28 
684 1918.88 
685 1932.27 
686 1945.44 
687 1958.39 
688 1971.09 
689 1983.56 
690 1995.77 
691 2007.71 
692 2019.39 
693 2030.78 
694 2041.89 
695 2052.7 
696 2063.2 
697 2073.39 
698 2083.25 
699 2092.77 
700 2101.95 
701 2110.78 
702 2119.25 
703 2127.37 
704 2135.13 
705 2142.54 
706 2149.6 
707 2156.29 
708 2162.64 
709 2168.63 
710 2174.26 
711 2179.54 
712 2184.46 
713 2189.03 
714 2193.24 
715 2197.1 
716 2200.61 
717 2203.76 
718 2206.55 
719 2208.99 
720 2211.08 
721 2212.82 
722 2214.2 
723 2215.22 
724 2215.9 
725 2216.22 
726 2216.2 
727 2215.82 
728 2215.09 
729 2214.01 
730 2212.58 
731 2210.8 
732 2208.68 
733 2206.2 
734 2203.38 
735 2200.21 
736 2196.7 
737 2192.84 
738 2188.64 
739 2184.09 
740 2179.2 
741 2173.97 
742 2168.4 
743 2162.49 
744 2156.24 
745 2149.65 
746 2142.73 
747 2135.46 
748 2127.87 
749 2119.94 
750 2111.68 
751 2103.08 
752 2094.16 
753 2084.92 
754 2075.36 
755 2065.49 
756 2055.31 
757 2044.84 
758 2034.06 
759 2023 
760 2011.65 
761 2000.02 
762 1988.12 
763 1975.95 
764 1963.52 
765 1950.83 
766 1937.89 
767 1924.7 
768 1911.28 
769 1897.62 
770 1883.74 
771 1869.63 
772 1855.32 
773 1840.79 
774 1826.07 
775 1811.15 
776 1796.04 
777 1780.75 
778 1765.29 
779 1749.66 
780 1733.87 
781 1717.92 
782 1701.83 
783 1685.61 
784 1669.24 
785 1652.76 
786 1636.16 
787 1619.44 
788 1602.63 
789 1585.72 
790 1568.73 
791 1551.65 
792 1534.51 
793 1517.3 
794 1500.04 
795 1482.73 
796 1465.38 
797 1448 
798 1430.6 
799 1413.19 
800 1395.77 
801 1378.36 
802 1360.95 
803 1343.55 
804 1326.17 
805 1308.82 
806 1291.48 
807 1274.17 
808 1256.9 
809 1239.66 
810 1222.47 
811 1205.32 
812 1188.22 
813 1171.18 
814 1154.19 
815 1137.27 
816 1120.42 
817 1103.64 
818 1086.94 
819 1070.32 
820 1053.78 
821 1037.34 
822 1020.99 
823 1004.75 
824 988.611 
825 972.583 
826 956.671 
827 940.88 
828 925.215 
829 909.681 
830 894.282 
831 879.025 
832 863.914 
833 848.955 
834 834.152 
835 819.512 
836 805.039 
837 790.738 
838 776.616 
839 762.678 
840 748.928 
841 735.374 
842 722.019 
843 708.871 
844 695.934 
845 683.214 
846 670.717 
847 658.449 
848 646.415 
849 634.622 
850 623.075 
851 611.779 
852 600.737 
853 589.947 
854 579.412 
855 569.132 
856 559.107 
857 549.338 
858 539.826 
859 530.571 
860 521.573 
861 512.834 
862 504.353 
863 496.132 
864 488.171 
865 480.47 
866 473.03 
867 465.851 
868 458.935 
869 452.28 
870 445.889 
871 439.761 
872 433.897 
873 428.297 
874 422.962 
875 417.892 
876 413.088 
877 408.55 
878 404.278 
879 400.273 
880 396.535 
881 393.065 
882 389.862 
883 386.928 
884 384.263 
885 381.866 
886 379.739 
887 377.882 
888 376.294 
889 374.977 
890 373.93 
891 373.154 
892 372.649 
893 372.415 
894 372.453 
895 372.763 
896 373.345 
897 374.199 
898 375.326 
899 376.725 
900 378.397 
901 380.342 
902 382.554 
903 385.029 
904 387.761 
905 390.745 
906 393.975 
907 397.447 
908 401.154 
909 405.091 
910 409.252 
911 413.632 
912 418.224 
913 423.024 
914 428.024 
915 433.22 
916 438.604 
917 444.172 
918 449.916 
919 455.831 
920 461.91 
921 468.148 
922 474.537 
923 481.071 
924 487.745 
925 494.55 
926 501.481 
927 508.531 
928 515.692 
929 522.96 
930 530.325 
931 537.782 
932 545.324 
933 552.943 
934 560.632 
935 568.385 
936 576.193 
937 584.05 
938 591.948 
939 599.879 
940 607.837 
941 615.814 
942 623.801 
943 631.792 
944 639.778 
945 647.752 
946 655.705 
947 663.631 
948 671.52 
949 679.365 
950 687.157 
951 694.89 
952 702.559 
953 710.163 
954 717.699 
955 725.163 
956 732.555 
957 739.87 
958 747.107 
959 754.263 
960 761.335 
961 768.321 
962 775.218 
963 782.023 
964 788.734 
965 795.347 
966 801.86 
967 808.271 
968 814.577 
969 820.774 
970 826.86 
971 832.832 
972 838.688 
973 844.424 
974 850.037 
975 855.525 
976 860.885 
977 866.114 
978 871.208 
979 876.166 
980 880.983 
981 885.656 
982 890.184 
983 894.562 
984 898.788 
985 902.859 
986 906.77 
987 910.521 
988 914.106 
989 917.523 
990 920.769 
991 923.841 
992 926.735 
993 929.448 
994 931.977 
995 934.318 
996 936.469 
997 938.425 
998 940.184 
999 941.743 
1000 943.097 
1001 944.244 
1002 945.186 
1003 945.925 
1004 946.462 
1005 946.801 
1006 946.944 
1007 946.892 
1008 946.648 
1009 946.215 
1010 945.594 
1011 944.789 
1012 943.801 
1013 942.633 
1014 941.288 
1015 939.768 
1016 938.075 
1017 936.213 
1018 934.183 
1019 931.988 
1020 929.631 
1021 927.115 
1022 924.442 
1023 921.614 
1024 918.636 
1025 915.509 
1026 912.236 
1027 908.819 
1028 905.263 
1029 901.569 
1030 897.741 
1031 893.782 
1032 889.693 
1033 885.479 
1034 881.143 
1035 876.686 
1036 872.114 
1037 867.427 
1038 862.63 
1039 857.726 
1040 852.718 
1041 847.609 
1042 842.402 
1043 837.101 
1044 831.708 
1045 826.228 
1046 820.663 
1047 815.016 
1048 809.292 
1049 803.493 
1050 797.623 
1051 791.686 
1052 785.683 
1053 779.619 
1054 773.495 
1055 767.315 
1056 761.08 
1057 754.795 
1058 748.462 
1059 742.084 
1060 735.664 
1061 729.204 
1062 722.708 
1063 716.179 
1064 709.62 
1065 703.033 
1066 696.422 
1067 689.789 
1068 683.139 
1069 676.473 
1070 669.796 
1071 663.11 
1072 656.419 
1073 649.726 
1074 643.033 
1075 636.345 
1076 629.664 
1077 622.994 
1078 616.338 
1079 609.7 
1080 603.083 
1081 596.49 
1082 589.924 
1083 583.39 
1084 576.891 
1085 570.429 
1086 564.01 
1087 557.635 
1088 551.31 
1089 545.036 
1090 538.819 
1091 532.662 
1092 526.567 
1093 520.54 
1094 514.584 
1095 508.702 
1096 502.898 
1097 497.176 
1098 491.541 
1099 485.995 
1100 480.542 
1101 475.186 
1102 469.929 
1103 464.771 
1104 459.712 
1105 454.754 
1106 449.897 
1107 445.142 
1108 440.49 
1109 435.942 
1110 431.498 
1111 427.159 
1112 422.925 
1113 418.799 
1114 414.78 
1115 410.869 
1116 407.067 
1117 403.375 
1118 399.793 
1119 396.323 
1120 392.965 
1121 389.719 
1122 386.588 
1123 383.571 
1124 380.67 
1125 377.884 
1126 375.216 
1127 372.665 
1128 370.233 
1129 367.92 
1130 365.727 
1131 363.656 
1132 361.706 
1133 359.879 
1134 358.175 
1135 356.596 
1136 355.142 
1137 353.813 
1138 352.612 
1139 351.538 
1140 350.592 
1141 349.776 
1142 349.09 
1143 348.535 
1144 348.111 
1145 347.821 
1146 347.664 
1147 347.641 
1148 347.753 
1149 348.002 
1150 348.387 
1151 348.91 
1152 349.569 
1153 350.364 
1154 351.292 
1155 352.352 
1156 353.543 
1157 354.863 
1158 356.312 
1159 357.886 
1160 359.586 
1161 361.41 
1162 363.355 
1163 365.421 
1164 367.606 
1165 369.908 
1166 372.326 
1167 374.858 
1168 377.503 
1169 380.26 
1170 383.125 
1171 386.099 
1172 389.179 
1173 392.364 
1174 395.651 
1175 399.04 
1176 402.528 
1177 406.114 
1178 409.796 
1179 413.573 
1180 417.442 
1181 421.402 
1182 425.452 
1183 429.588 
1184 433.81 
1185 438.116 
1186 442.504 
1187 446.971 
1188 451.517 
1189 456.139 
1190 460.836 
1191 465.604 
1192 470.444 
1193 475.352 
1194 480.326 
1195 485.366 
1196 490.468 
1197 495.63 
1198 500.852 
1199 506.13 
1200 511.463 
1201 516.848 
1202 522.283 
1203 527.764 
1204 533.289 
1205 538.855 
1206 544.458 
1207 550.095 
1208 555.764 
1209 561.461 
1210 567.183 
1211 572.927 
1212 578.689 
1213 584.467 
1214 590.258 
1215 596.057 
1216 601.862 
1217 607.669 
1218 613.476 
1219 619.278 
1220 625.072 
1221 630.856 
1222 636.625 
1223 642.377 
1224 648.107 
1225 653.813 
1226 659.49 
1227 665.136 
1228 670.746 
1229 676.317 
1230 681.846 
1231 687.33 
1232 692.763 
1233 698.143 
1234 703.467 
1235 708.729 
1236 713.928 
1237 719.058 
1238 724.117 
1239 729.1 
1240 734.003 
1241 738.823 
1242 743.557 
1243 748.199 
1244 752.746 
1245 757.195 
1246 761.541 
1247 765.781 
1248 769.91 
1249 773.924 
1250 777.819 
1251 781.593 
1252 785.243 
1253 788.771 
1254 792.175 
1255 795.455 
1256 798.612 
1257 801.645 
1258 804.553 
1259 807.337 
1260 809.997 
1261 812.531 
1262 814.941 
1263 817.225 
1264 819.384 
1265 821.418 
1266 823.325 
1267 825.107 
1268 826.763 
1269 828.292 
1270 829.694 
1271 830.97 
1272 832.118 
1273 833.14 
1274 834.034 
1275 834.801 
1276 835.44 
1277 835.952 
1278 836.335 
1279 836.59 
1280 836.717 
1281 836.715 
1282 836.584 
1283 836.325 
1284 835.937 
1285 835.419 
1286 834.772 
1287 833.995 
1288 833.089 
1289 832.053 
1290 830.887 
1291 829.591 
1292 828.165 
1293 826.608 
1294 824.92 
1295 823.102 
1296 821.153 
1297 819.073 
1298 816.861 
1299 814.519 
1300 812.045 
1301 809.439 
1302 806.705 
1303 803.842 
1304 800.854 
1305 797.743 
1306 794.51 
1307 791.157 
1308 787.687 
1309 784.102 
1310 780.404 
1311 776.595 
1312 772.677 
1313 768.652 
1314 764.523 
1315 760.291 
1316 755.959 
1317 751.53 
1318 747.004 
1319 742.385 
1320 737.675 
1321 732.875 
1322 727.99 
1323 723.019 
1324 717.967 
1325 712.835 
1326 707.626 
1327 702.341 
1328 696.985 
1329 691.558 
1330 686.063 
1331 680.503 
1332 674.879 
1333 669.196 
1334 663.454 
1335 657.658 
1336 651.808 
1337 645.907 
1338 639.959 
1339 633.966 
1340 627.93 
1341 621.853 
1342 615.739 
1343 609.59 
1344 603.409 
1345 597.199 
1346 590.961 
1347 584.699 
1348 578.415 
1349 572.113 
1350 565.794 
1351 559.462 
1352 553.118 
1353 546.765 
1354 540.403 
1355 534.034 
1356 527.661 
1357 521.285 
1358 514.907 
1359 508.53 
1360 502.155 
1361 495.784 
1362 489.419 
1363 483.061 
1364 476.713 
1365 470.376 
1366 464.053 
1367 457.744 
1368 451.452 
1369 445.179 
1370 438.926 
1371 432.696 
1372 426.49 
1373 420.31 
1374 414.158 
1375 408.037 
1376 401.947 
1377 395.892 
1378 389.872 
1379 383.891 
1380 377.949 
1381 372.049 
1382 366.193 
1383 360.383 
1384 354.621 
1385 348.909 
1386 343.248 
1387 337.642 
1388 332.092 
1389 326.6 
1390 321.169 
1391 315.799 
1392 310.495 
1393 305.257 
1394 300.087 
1395 294.989 
1396 289.963 
1397 285.013 
1398 280.14 
1399 275.347 
1400 270.635 
1401 266.007 
1402 261.464 
1403 257.006 
1404 252.634 
1405 248.35 
1406 244.153 
1407 240.044 
1408 236.025 
1409 232.095 
1410 228.257 
1411 224.509 
1412 220.854 
1413 217.292 
1414 213.824 
1415 210.45 
1416 207.172 
1417 203.99 
1418 200.904 
1419 197.917 
1420 195.027 
1421 192.237 
1422 189.547 
1423 186.958 
1424 184.471 
1425 182.086 
1426 179.804 
1427 177.626 
1428 175.553 
1429 173.586 
1430 171.725 
1431 169.971 
1432 168.326 
1433 166.789 
1434 165.363 
1435 164.046 
1436 162.841 
1437 161.749 
1438 160.769 
1439 159.903 
1440 159.152 
1441 158.517 
1442 157.998 
1443 157.596 
1444 157.313 
1445 157.148 
1446 157.103 
1447 157.179 
1448 157.376 
1449 157.696 
1450 158.139 
1451 158.706 
1452 159.394 
1453 160.2 
1454 161.122 
1455 162.157 
1456 163.302 
1457 164.554 
1458 165.91 
1459 167.368 
1460 168.924 
1461 170.575 
1462 172.319 
1463 174.152 
1464 176.072 
1465 178.075 
1466 180.159 
1467 182.32 
1468 184.555 
1469 186.861 
1470 189.236 
1471 191.675 
1472 194.176 
1473 196.736 
1474 199.351 
1475 202.018 
1476 204.735 
1477 207.497 
1478 210.301 
1479 213.145 
1480 216.025 
1481 218.938 
1482 221.879 
1483 224.847 
1484 227.838 
1485 230.847 
1486 233.872 
1487 236.91 
1488 239.957 
1489 243.009 
1490 246.063 
1491 249.115 
1492 252.163 
1493 255.202 
1494 258.229 
1495 261.24 
1496 264.232 
1497 267.201 
1498 270.143 
1499 273.056 
1500 275.934 
1501 278.776 
1502 281.58 
1503 284.345 
1504 287.072 
1505 289.76 
1506 292.409 
1507 295.019 
1508 297.589 
1509 300.118 
1510 302.607 
1511 305.055 
1512 307.462 
1513 309.827 
1514 312.15 
1515 314.432 
1516 316.67 
1517 318.866 
1518 321.018 
1519 323.127 
1520 325.191 
1521 327.211 
1522 329.187 
1523 331.118 
1524 333.003 
1525 334.842 
1526 336.635 
1527 338.382 
1528 340.082 
1529 341.735 
1530 343.34 
1531 344.897 
1532 346.406 
1533 347.866 
1534 349.277 
1535 350.639 
1536 351.951 
1537 353.213 
1538 354.424 
1539 355.585 
1540 356.694 
1541 357.752 
1542 358.757 
1543 359.711 
1544 360.611 
1545 361.458 
1546 362.252 
1547 362.992 
1548 363.678 
1549 364.309 
1550 364.885 
1551 365.405 
1552 365.87 
1553 366.28 
1554 366.634 
1555 366.932 
1556 367.174 
1557 367.361 
1558 367.493 
1559 367.568 
1560 367.588 
1561 367.552 
1562 367.46 
1563 367.312 
1564 367.108 
1565 366.848 
1566 366.532 
1567 366.16 
1568 365.732 
1569 365.247 
1570 364.707 
1571 364.11 
1572 363.457 
1573 362.748 
1574 361.983 
1575 361.161 
1576 360.283 
1577 359.349 
1578 358.358 
1579 357.311 
1580 356.207 
1581 355.047 
1582 353.83 
1583 352.557 
1584 351.227 
1585 349.841 
1586 348.398 
1587 346.899 
1588 345.343 
1589 343.73 
1590 342.06 
1591 340.334 
1592 338.551 
1593 336.712 
1594 334.816 
1595 332.862 
1596 330.853 
1597 328.786 
1598 326.663 
1599 324.482 
1600 322.245 
1601 319.952 
1602 317.604 
1603 315.203 
1604 312.753 
1605 310.254 
1606 307.71 
1607 305.123 
1608 302.495 
1609 299.828 
1610 297.126 
1611 294.389 
1612 291.62 
1613 288.823 
1614 285.998 
1615 283.149 
1616 280.278 
1617 277.388 
1618 274.48 
1619 271.558 
1620 268.623 
1621 265.679 
1622 262.727 
1623 259.771 
1624 256.812 
1625 253.853 
1626 250.897 
1627 247.946 
1628 245.003 
1629 242.071 
1630 239.151 
1631 236.247 
1632 233.361 
1633 230.496 
1634 227.654 
1635 224.838 
1636 222.051 
1637 219.296 
1638 216.574 
1639 213.889 
1640 211.244 
1641 208.64 
1642 206.082 
1643 203.571 
1644 201.11 
1645 198.703 
1646 196.351 
1647 194.059 
1648 191.827 
1649 189.66 
1650 187.561 
1651 185.53 
1652 183.568 
1653 181.674 
1654 179.845 
1655 178.08 
1656 176.379 
1657 174.739 
1658 173.159 
1659 171.638 
1660 170.175 
1661 168.767 
1662 167.413 
1663 166.113 
1664 164.863 
1665 163.664 
1666 162.513 
1667 161.409 
1668 160.35 
1669 159.335 
1670 158.363 
1671 157.431 
1672 156.539 
1673 155.685 
1674 154.866 
1675 154.083 
1676 153.332 
1677 152.613 
1678 151.924 
1679 151.263 
1680 150.628 
1681 150.019 
1682 149.433 
1683 148.869 
1684 148.326 
1685 147.8 
1686 147.292 
1687 146.799 
1688 146.319 
1689 145.852 
1690 145.394 
1691 144.945 
1692 144.503 
1693 144.066 
1694 143.632 
1695 143.2 
1696 142.768 
1697 142.334 
1698 141.897 
1699 141.454 
1700 141.004 
1701 140.546 
1702 140.081 
1703 139.61 
1704 139.135 
1705 138.659 
1706 138.182 
1707 137.707 
1708 137.235 
1709 136.768 
1710 136.308 
1711 135.856 
1712 135.415 
1713 134.986 
1714 134.571 
1715 134.172 
1716 133.791 
1717 133.429 
1718 133.088 
1719 132.771 
1720 132.479 
1721 132.213 
1722 131.976 
1723 131.77 
1724 131.597 
1725 131.458 
1726 131.355 
1727 131.291 
1728 131.267 
1729 131.285 
1730 131.347 
1731 131.455 
1732 131.611 
1733 131.817 
1734 132.075 
1735 132.387 
1736 132.755 
1737 133.181 
1738 133.667 
1739 134.215 
1740 134.826 
1741 135.504 
1742 136.25 
1743 137.066 
1744 137.954 
1745 138.917 
1746 139.956 
1747 141.073 
1748 142.271 
1749 143.551 
1750 144.916 
1751 146.367 
1752 147.903 
1753 149.519 
1754 151.214 
1755 152.983 
1756 154.826 
1757 156.737 
1758 158.715 
1759 160.757 
1760 162.859 
1761 165.019 
1762 167.233 
1763 169.498 
1764 171.812 
1765 174.172 
1766 176.574 
1767 179.014 
1768 181.491 
1769 184.001 
1770 186.541 
1771 189.108 
1772 191.698 
1773 194.309 
1774 196.936 
1775 199.578 
1776 202.23 
1777 204.891 
1778 207.555 
1779 210.22 
1780 212.883 
1781 215.541 
1782 218.19 
1783 220.826 
1784 223.448 
1785 226.05 
1786 228.63 
1787 231.185 
1788 233.71 
1789 236.203 
1790 238.661 
1791 241.079 
1792 243.454 
1793 245.784 
1794 248.063 
1795 250.29 
1796 252.459 
1797 254.569 
1798 256.615 
1799 258.594 
1800 260.501 
1801 262.335 
1802 264.096 
1803 265.783 
1804 267.398 
1805 268.941 
1806 270.413 
1807 271.814 
1808 273.146 
1809 274.409 
1810 275.604 
1811 276.731 
1812 277.792 
1813 278.786 
1814 279.715 
1815 280.579 
1816 281.38 
1817 282.117 
1818 282.792 
1819 283.405 
1820 283.957 
1821 284.449 
1822 284.881 
1823 285.255 
1824 285.571 
1825 285.829 
1826 286.031 
1827 286.178 
1828 286.269 
1829 286.307 
1830 286.291 
1831 286.223 
1832 286.103 
1833 285.932 
1834 285.711 
1835 285.44 
1836 285.121 
1837 284.755 
1838 284.341 
1839 283.882 
1840 283.377 
1841 282.827 
1842 282.235 
1843 281.599 
1844 280.922 
1845 280.203 
1846 279.444 
1847 278.646 
1848 277.81 
1849 276.936 
1850 276.025 
1851 275.078 
1852 274.095 
1853 273.078 
1854 272.027 
1855 270.941 
1856 269.823 
1857 268.671 
1858 267.488 
1859 266.273 
1860 265.026 
1861 263.749 
1862 262.442 
1863 261.106 
1864 259.74 
1865 258.347 
1866 256.925 
1867 255.476 
1868 254 
1869 252.498 
1870 250.971 
1871 249.419 
1872 247.842 
1873 246.241 
1874 244.617 
1875 242.97 
1876 241.301 
1877 239.611 
1878 237.9 
1879 236.168 
1880 234.416 
1881 232.646 
1882 230.856 
1883 229.049 
1884 227.225 
1885 225.383 
1886 223.526 
1887 221.653 
1888 219.765 
1889 217.862 
1890 215.946 
1891 214.017 
1892 212.076 
1893 210.122 
1894 208.158 
1895 206.183 
1896 204.198 
1897 202.203 
1898 200.201 
1899 198.19 
1900 196.172 
1901 194.147 
1902 192.116 
1903 190.08 
1904 188.039 
1905 185.994 
1906 183.947 
1907 181.896 
1908 179.844 
1909 177.791 
1910 175.737 
1911 173.684 
1912 171.632 
1913 169.582 
1914 167.535 
1915 165.49 
1916 163.45 
1917 161.414 
1918 159.384 
1919 157.36 
1920 155.343 
1921 153.334 
1922 151.333 
1923 149.342 
1924 147.36 
1925 145.39 
1926 143.43 
1927 141.484 
1928 139.55 
1929 137.63 
1930 135.724 
1931 133.834 
1932 131.96 
1933 130.103 
1934 128.264 
1935 126.443 
1936 124.642 
1937 122.861 
1938 121.1 
1939 119.362 
1940 117.646 
1941 115.953 
1942 114.284 
1943 112.641 
1944 111.023 
1945 109.432 
1946 107.868 
1947 106.332 
1948 104.826 
1949 103.35 
1950 101.904 
1951 100.49 
1952 99.1062 
1953 97.7533 
1954 96.4303 
1955 95.1365 
1956 93.8713 
1957 92.6342 
1958 91.4244 
1959 90.2415 
1960 89.0847 
1961 87.9536 
1962 86.8474 
1963 85.7655 
1964 84.7074 
1965 83.6723 
1966 82.6597 
1967 81.6689 
1968 80.6993 
1969 79.7502 
1970 78.8211 
1971 77.9112 
1972 77.0199 
1973 76.1466 
1974 75.2907 
1975 74.4513 
1976 73.628 
1977 72.8201 
1978 72.0268 
1979 71.2475 
1980 70.4815 
1981 69.7283 
1982 68.987 
1983 68.2571 
1984 67.5377 
1985 66.8284 
1986 66.1283 
1987 65.4368 
1988 64.7531 
1989 64.0767 
1990 63.4067 
1991 62.7426 
1992 62.0835 
1993 61.4288 
1994 60.7778 
1995 60.1298 
1996 59.484 
1997 58.8397 
1998 58.1962 
1999 57.5528 
2000 56.9088 
