2 469.237 
3 328.784 
4 250.34 
5 200.877 
6 167.195 
7 143.034 
8 125.055 
9 111.391 
10 100.62 
11 92.0574 
12 85.4431 
13 79.9583 
14 75.61 
15 72.2817 
16 69.4043 
17 67.026 
18 65.3115 
19 64.2653 
20 63.6955 
21 63.294 
22 63.0428 
23 62.9947 
24 63.1707 
25 63.5539 
26 64.1032 
27 64.8211 
28 65.7095 
29 66.7504 
30 67.9025 
31 69.1166 
32 70.3941 
33 71.749 
34 73.1914 
35 74.7275 
36 76.3588 
37 78.0816 
38 79.8864 
39 81.7576 
40 83.6725 
41 85.6077 
42 87.5608 
43 89.5347 
44 91.5316 
45 93.5529 
46 95.5992 
47 97.6702 
48 99.7644 
49 101.879 
50 104.01 
51 106.155 
52 108.311 
53 110.479 
54 112.66 
55 114.851 
56 117.052 
57 119.261 
58 121.474 
59 123.69 
60 125.903 
61 128.111 
62 130.312 
63 132.506 
64 134.692 
65 136.871 
66 139.042 
67 141.203 
68 143.355 
69 145.495 
70 147.622 
71 149.736 
72 151.835 
73 153.92 
74 155.989 
75 158.042 
76 160.078 
77 162.097 
78 164.098 
79 166.079 
80 168.039 
81 169.978 
82 171.894 
83 173.789 
84 175.66 
85 177.508 
86 179.333 
87 181.133 
88 182.909 
89 184.66 
90 186.385 
91 188.084 
92 189.757 
93 191.402 
94 193.02 
95 194.611 
96 196.175 
97 197.71 
98 199.216 
99 200.694 
100 202.142 
101 203.56 
102 204.949 
103 206.307 
104 207.636 
105 208.934 
106 210.202 
107 211.441 
108 212.648 
109 213.826 
110 214.973 
111 216.09 
112 217.176 
113 218.232 
114 219.256 
115 220.25 
116 221.213 
117 222.145 
118 223.045 
119 223.914 
120 224.75 
121 225.556 
122 226.329 
123 227.07 
124 227.78 
125 228.459 
126 229.106 
127 229.722 
128 230.307 
129 230.86 
130 231.383 
131 231.876 
132 232.337 
133 232.769 
134 233.17 
135 233.541 
136 233.881 
137 234.192 
138 234.473 
139 234.724 
140 234.946 
141 235.138 
142 235.3 
143 235.434 
144 235.539 
145 235.615 
146 235.663 
147 235.682 
148 235.674 
149 235.638 
150 235.575 
151 235.485 
152 235.367 
153 235.223 
154 235.053 
155 234.856 
156 234.633 
157 234.384 
158 234.11 
159 233.811 
160 233.486 
161 233.136 
162 232.762 
163 232.363 
164 231.941 
165 231.494 
166 231.025 
167 230.532 
168 230.017 
169 229.479 
170 228.919 
171 228.337 
172 227.734 
173 227.109 
174 226.464 
175 225.798 
176 225.112 
177 224.406 
178 223.68 
179 222.935 
180 222.171 
181 221.388 
182 220.586 
183 219.767 
184 218.929 
185 218.074 
186 217.202 
187 216.313 
188 215.408 
189 214.486 
190 213.549 
191 212.597 
192 211.629 
193 210.646 
194 209.649 
195 208.638 
196 207.613 
197 206.574 
198 205.522 
199 204.457 
200 203.379 
201 202.289 
202 201.186 
203 200.072 
204 198.947 
205 197.81 
206 196.663 
207 195.506 
208 194.338 
209 193.16 
210 191.974 
211 190.778 
212 189.573 
213 188.36 
214 187.139 
215 185.91 
216 184.674 
217 183.43 
218 182.18 
219 180.922 
220 179.658 
221 178.389 
222 177.113 
223 175.832 
224 174.545 
225 173.253 
226 171.957 
227 170.655 
228 169.35 
229 168.041 
230 166.727 
231 165.411 
232 164.092 
233 162.769 
234 161.444 
235 160.117 
236 158.788 
237 157.458 
238 156.126 
239 154.792 
240 153.458 
241 152.123 
242 150.787 
243 149.452 
244 148.116 
245 146.78 
246 145.445 
247 144.11 
248 142.776 
249 141.443 
250 140.111 
251 138.781 
252 137.452 
253 136.124 
254 134.799 
255 133.476 
256 132.156 
257 130.838 
258 129.523 
259 128.211 
260 126.902 
261 125.597 
262 124.296 
263 122.999 
264 121.706 
265 120.417 
266 119.132 
267 117.852 
268 116.577 
269 115.306 
270 114.041 
271 112.781 
272 111.525 
273 110.276 
274 109.032 
275 107.793 
276 106.56 
277 105.333 
278 104.112 
279 102.897 
280 101.688 
281 100.486 
282 99.2903 
283 98.1011 
284 96.9187 
285 95.7432 
286 94.5746 
287 93.413 
288 92.2586 
289 91.1114 
290 89.9714 
291 88.8388 
292 87.7136 
293 86.5958 
294 85.4855 
295 84.3828 
296 83.2875 
297 82.1998 
298 81.1197 
299 80.0471 
300 78.9821 
301 77.9246 
302 76.8748 
303 75.8328 
304 74.7987 
305 73.7726 
306 72.7547 
307 71.745 
308 70.7437 
309 69.7509 
310 68.7666 
311 67.7909 
312 66.824 
313 65.8659 
314 64.9166 
315 63.9763 
316 63.045 
317 62.1227 
318 61.2096 
319 60.3057 
320 59.4109 
321 58.5254 
322 57.6492 
323 56.7823 
324 55.9247 
325 55.0764 
326 54.2375 
327 53.4079 
328 52.5876 
329 51.7767 
330 50.975 
331 50.1826 
332 49.3995 
333 48.6256 
334 47.8609 
335 47.1053 
336 46.3587 
337 45.6212 
338 44.8926 
339 44.1728 
340 43.4618 
341 42.7595 
342 42.0657 
343 41.3805 
344 40.7036 
345 40.035 
346 39.3744 
347 38.7219 
348 38.0772 
349 37.4403 
350 36.8108 
351 36.1888 
352 35.5742 
353 34.967 
354 34.3674 
355 33.7752 
356 33.1905 
357 32.6134 
358 32.0438 
359 31.4819 
360 30.9274 
361 30.3806 
362 29.8414 
363 29.3097 
364 28.7857 
365 28.2692 
366 27.7603 
367 27.2589 
368 26.7651 
369 26.2787 
370 25.7999 
371 25.3285 
372 24.8645 
373 24.4079 
374 23.9587 
375 23.5168 
376 23.0821 
377 22.6546 
378 22.2343 
379 21.821 
380 21.4148 
381 21.0155 
382 20.6232 
383 20.2376 
384 19.8587 
385 19.4865 
386 19.1209 
387 18.7617 
388 18.4089 
389 18.0624 
390 17.722 
391 17.3877 
392 17.0594 
393 16.7368 
394 16.42 
395 16.1087 
396 15.8029 
397 15.5024 
398 15.2071 
399 14.9167 
400 14.6313 
401 14.3506 
402 14.0746 
403 13.8034 
404 13.5368 
405 13.2749 
406 13.0176 
407 12.765 
408 12.5171 
409 12.2737 
410 12.0349 
411 11.8007 
412 11.571 
413 11.3458 
414 11.1252 
415 10.9089 
416 10.6971 
417 10.4896 
418 10.2865 
419 10.0877 
420 9.89311 
421 9.70277 
422 9.51659 
423 9.33454 
424 9.15657 
425 8.98262 
426 8.81264 
427 8.64658 
428 8.48437 
429 8.32596 
430 8.17129 
431 8.02029 
432 7.87289 
433 7.72904 
434 7.58866 
435 7.45167 
436 7.31801 
437 7.18759 
438 7.06034 
439 6.93617 
440 6.81501 
441 6.69676 
442 6.58134 
443 6.46866 
444 6.35863 
445 6.25115 
446 6.14612 
447 6.04345 
448 5.94303 
449 5.84477 
450 5.74854 
451 5.65426 
452 5.56191 
453 5.47148 
454 5.38295 
455 5.29631 
456 5.21156 
457 5.12868 
458 5.04766 
459 4.96849 
460 4.89115 
461 4.81563 
462 4.74192 
463 4.66999 
464 4.59983 
465 4.53142 
466 4.46476 
467 4.39981 
468 4.33656 
469 4.27499 
470 4.21508 
471 4.15681 
472 4.10015 
473 4.04509 
474 3.9916 
475 3.93965 
476 3.88923 
477 3.8403 
478 3.79285 
479 3.74684 
480 3.70224 
481 3.65904 
482 3.61719 
483 3.57667 
484 3.53745 
485 3.4995 
486 3.46278 
487 3.42727 
488 3.39293 
489 3.35972 
490 3.32761 
491 3.29657 
492 3.26655 
493 3.23752 
494 3.20945 
495 3.18229 
496 3.156 
497 3.13054 
498 3.10588 
499 3.08196 
500 3.05875 
501 3.03621 
502 3.01433 
503 2.99311 
504 2.97254 
505 2.95262 
506 2.93334 
507 2.91471 
508 2.89672 
509 2.87937 
510 2.86265 
511 2.84656 
512 2.83109 
513 2.81624 
514 2.802 
515 2.78838 
516 2.77536 
517 2.76294 
518 2.75111 
519 2.73987 
520 2.72922 
521 2.71914 
522 2.70963 
523 2.70069 
524 2.69231 
525 2.68448 
526 2.67719 
527 2.67044 
528 2.66422 
529 2.65853 
530 2.65335 
531 2.64868 
532 2.64451 
533 2.64083 
534 2.63764 
535 2.63492 
536 2.63266 
537 2.63087 
538 2.62952 
539 2.62861 
540 2.62814 
541 2.62808 
542 2.62843 
543 2.62918 
544 2.63033 
545 2.63185 
546 2.63374 
547 2.63599 
548 2.63858 
549 2.64151 
550 2.64476 
551 2.64833 
552 2.65221 
553 2.6564 
554 2.6609 
555 2.66571 
556 2.67083 
557 2.67625 
558 2.68198 
559 2.68802 
560 2.69436 
561 2.70101 
562 2.70795 
563 2.7152 
564 2.72275 
565 2.7306 
566 2.73875 
567 2.74719 
568 2.75593 
569 2.76496 
570 2.77428 
571 2.7839 
572 2.7938 
573 2.80399 
574 2.81446 
575 2.82522 
576 2.83626 
577 2.84758 
578 2.85918 
579 2.87106 
580 2.8832 
581 2.89562 
582 2.90831 
583 2.92127 
584 2.93449 
585 2.94798 
586 2.96172 
587 2.97573 
588 2.98999 
589 3.0045 
590 3.01926 
591 3.03427 
592 3.04953 
593 3.06503 
594 3.08076 
595 3.09674 
596 3.11294 
597 3.12938 
598 3.14605 
599 3.16294 
600 3.18005 
601 3.19738 
602 3.21492 
603 3.23268 
604 3.25064 
605 3.26882 
606 3.28719 
607 3.30577 
608 3.32455 
609 3.34352 
610 3.36268 
611 3.38204 
612 3.40158 
613 3.4213 
614 3.4412 
615 3.46128 
616 3.48153 
617 3.50195 
618 3.52253 
619 3.54328 
620 3.56419 
621 3.58525 
622 3.60646 
623 3.62782 
624 3.64933 
625 3.67097 
626 3.69275 
627 3.71466 
628 3.7367 
629 3.75887 
630 3.78115 
631 3.80355 
632 3.82606 
633 3.84867 
634 3.87139 
635 3.89421 
636 3.91711 
637 3.94011 
638 3.96319 
639 3.98635 
640 4.00959 
641 4.03289 
642 4.05626 
643 4.07969 
644 4.10317 
645 4.1267 
646 4.15028 
647 4.1739 
648 4.19755 
649 4.22123 
650 4.24493 
651 4.26865 
652 4.29238 
653 4.31612 
654 4.33986 
655 4.3636 
656 4.38733 
657 4.41104 
658 4.43473 
659 4.4584 
660 4.48203 
661 4.50562 
662 4.52917 
663 4.55266 
664 4.5761 
665 4.59948 
666 4.62278 
667 4.64601 
668 4.66916 
669 4.69222 
670 4.71519 
671 4.73805 
672 4.7608 
673 4.78344 
674 4.80596 
675 4.82835 
676 4.8506 
677 4.87271 
678 4.89467 
679 4.91647 
680 4.93811 
681 4.95957 
682 4.98086 
683 5.00196 
684 5.02287 
685 5.04358 
686 5.06407 
687 5.08435 
688 5.10441 
689 5.12423 
690 5.14382 
691 5.16315 
692 5.18223 
693 5.20105 
694 5.21959 
695 5.23785 
696 5.25583 
697 5.2735 
698 5.29087 
699 5.30793 
700 5.32466 
701 5.34106 
702 5.35713 
703 5.37286 
704 5.38826 
705 5.40332 
706 5.41803 
707 5.4324 
708 5.44643 
709 5.46011 
710 5.47344 
711 5.48643 
712 5.49906 
713 5.51133 
714 5.52325 
715 5.53481 
716 5.54602 
717 5.55686 
718 5.56733 
719 5.57745 
720 5.58719 
721 5.59657 
722 5.60558 
723 5.61422 
724 5.62248 
725 5.63037 
726 5.63788 
727 5.64501 
728 5.65176 
729 5.65812 
730 5.66411 
731 5.6697 
732 5.67491 
733 5.67973 
734 5.68416 
735 5.6882 
736 5.69184 
737 5.69508 
738 5.69793 
739 5.70038 
740 5.70243 
741 5.70407 
742 5.70531 
743 5.70614 
744 5.70657 
745 5.70659 
746 5.70619 
747 5.70538 
748 5.70416 
749 5.70252 
750 5.70047 
751 5.69799 
752 5.6951 
753 5.69179 
754 5.68807 
755 5.68393 
756 5.67938 
757 5.67442 
758 5.66905 
759 5.66327 
760 5.65708 
761 5.65049 
762 5.6435 
763 5.6361 
764 5.6283 
765 5.62011 
766 5.61152 
767 5.60253 
768 5.59315 
769 5.58338 
770 5.57322 
771 5.56267 
772 5.55174 
773 5.54042 
774 5.52873 
775 5.51665 
776 5.5042 
777 5.49137 
778 5.47817 
779 5.4646 
780 5.45066 
781 5.43635 
782 5.42169 
783 5.40666 
784 5.39127 
785 5.37553 
786 5.35944 
787 5.34299 
788 5.3262 
789 5.30906 
790 5.29158 
791 5.27376 
792 5.2556 
793 5.23711 
794 5.21829 
795 5.19914 
796 5.17967 
797 5.15987 
798 5.13976 
799 5.11933 
800 5.09858 
801 5.07753 
802 5.05618 
803 5.03452 
804 5.01256 
805 4.99032 
806 4.96779 
807 4.94498 
808 4.92189 
809 4.89853 
810 4.87491 
811 4.85102 
812 4.82687 
813 4.80248 
814 4.77784 
815 4.75295 
816 4.72783 
817 4.70249 
818 4.67691 
819 4.65112 
820 4.62511 
821 4.5989 
822 4.57248 
823 4.54587 
824 4.51906 
825 4.49207 
826 4.4649 
827 4.43756 
828 4.41005 
829 4.38238 
830 4.35456 
831 4.32659 
832 4.29847 
833 4.27022 
834 4.24184 
835 4.21333 
836 4.18471 
837 4.15598 
838 4.12715 
839 4.09822 
840 4.0692 
841 4.0401 
842 4.01092 
843 3.98168 
844 3.95237 
845 3.92301 
846 3.8936 
847 3.86415 
848 3.83467 
849 3.80516 
850 3.77563 
851 3.74609 
852 3.71655 
853 3.687 
854 3.65745 
855 3.6279 
856 3.59835 
857 3.56881 
858 3.53929 
859 3.50977 
860 3.48028 
861 3.4508 
862 3.42134 
863 3.39192 
864 3.36252 
865 3.33315 
866 3.30382 
867 3.27453 
868 3.24528 
869 3.21608 
870 3.18693 
871 3.15783 
872 3.12878 
873 3.0998 
874 3.07087 
875 3.04202 
876 3.01323 
877 2.98451 
878 2.95588 
879 2.92732 
880 2.89885 
881 2.87046 
882 2.84217 
883 2.81397 
884 2.78587 
885 2.75787 
886 2.72998 
887 2.7022 
888 2.67453 
889 2.64698 
890 2.61954 
891 2.59224 
892 2.56506 
893 2.53802 
894 2.51111 
895 2.48434 
896 2.45772 
897 2.43125 
898 2.40493 
899 2.37876 
900 2.35276 
901 2.32692 
902 2.30125 
903 2.27574 
904 2.25041 
905 2.22524 
906 2.20024 
907 2.17542 
908 2.15077 
909 2.12629 
910 2.10199 
911 2.07787 
912 2.05393 
913 2.03016 
914 2.00658 
915 1.98317 
916 1.95996 
917 1.93692 
918 1.91407 
919 1.89141 
920 1.86894 
921 1.84665 
922 1.82456 
923 1.80265 
924 1.78094 
925 1.75943 
926 1.73811 
927 1.71698 
928 1.69606 
929 1.67533 
930 1.6548 
931 1.63447 
932 1.61435 
933 1.59443 
934 1.57471 
935 1.55521 
936 1.5359 
937 1.51681 
938 1.49793 
939 1.47925 
940 1.46079 
941 1.44255 
942 1.42451 
943 1.4067 
944 1.3891 
945 1.37172 
946 1.35455 
947 1.33761 
948 1.32089 
949 1.30439 
950 1.28812 
951 1.27207 
952 1.25624 
953 1.24064 
954 1.22526 
955 1.2101 
956 1.19515 
957 1.18043 
958 1.16591 
959 1.15162 
960 1.13753 
961 1.12365 
962 1.10999 
963 1.09653 
964 1.08327 
965 1.07022 
966 1.05737 
967 1.04472 
968 1.03228 
969 1.02002 
970 1.00797 
971 0.996103 
972 0.984431 
973 0.972949 
974 0.961654 
975 0.950545 
976 0.93962 
977 0.928877 
978 0.918315 
979 0.90793 
980 0.897721 
981 0.887686 
982 0.877823 
983 0.868129 
984 0.858603 
985 0.849243 
986 0.840045 
987 0.831009 
988 0.822132 
989 0.813411 
990 0.804844 
991 0.79643 
992 0.788165 
993 0.780047 
994 0.772075 
995 0.764244 
996 0.756554 
997 0.749002 
998 0.741584 
999 0.7343 
1000 0.727145 
1001 0.720118 
1002 0.713217 
1003 0.706442 
1004 0.69979 
1005 0.69326 
1006 0.686852 
1007 0.680563 
1008 0.674393 
1009 0.66834 
1010 0.662402 
1011 0.656579 
1012 0.650868 
1013 0.645269 
1014 0.63978 
1015 0.6344 
1016 0.629126 
1017 0.623958 
1018 0.618894 
1019 0.613932 
1020 0.609072 
1021 0.604311 
1022 0.599647 
1023 0.59508 
1024 0.590607 
1025 0.586228 
1026 0.58194 
1027 0.577741 
1028 0.573631 
1029 0.569607 
1030 0.565667 
1031 0.561811 
1032 0.558035 
1033 0.554339 
1034 0.550721 
1035 0.547179 
1036 0.54371 
1037 0.540314 
1038 0.536988 
1039 0.533731 
1040 0.53054 
1041 0.527414 
1042 0.524351 
1043 0.521349 
1044 0.518406 
1045 0.51552 
1046 0.512689 
1047 0.509911 
1048 0.507185 
1049 0.504507 
1050 0.501876 
1051 0.49929 
1052 0.49675 
1053 0.494256 
1054 0.491808 
1055 0.489406 
1056 0.487051 
1057 0.484744 
1058 0.482485 
1059 0.480274 
1060 0.478112 
1061 0.475999 
1062 0.473936 
1063 0.471922 
1064 0.46996 
1065 0.468048 
1066 0.466187 
1067 0.464379 
1068 0.462622 
1069 0.460919 
1070 0.459268 
1071 0.457672 
1072 0.456129 
1073 0.454641 
1074 0.453207 
1075 0.45183 
1076 0.450508 
1077 0.449242 
1078 0.448033 
1079 0.446882 
1080 0.445788 
1081 0.444752 
1082 0.443776 
1083 0.442858 
1084 0.442 
1085 0.441202 
1086 0.440464 
1087 0.439787 
1088 0.439172 
1089 0.438619 
1090 0.438129 
1091 0.437701 
1092 0.437337 
1093 0.437036 
1094 0.4368 
1095 0.436629 
1096 0.436523 
1097 0.436483 
1098 0.43651 
1099 0.436603 
1100 0.436764 
1101 0.436992 
1102 0.437287 
1103 0.437648 
1104 0.438076 
1105 0.438567 
1106 0.439123 
1107 0.439742 
1108 0.440424 
1109 0.441167 
1110 0.441971 
1111 0.442835 
1112 0.443758 
1113 0.44474 
1114 0.445779 
1115 0.446875 
1116 0.448027 
1117 0.449234 
1118 0.450494 
1119 0.451808 
1120 0.453175 
1121 0.454593 
1122 0.456061 
1123 0.457579 
1124 0.459146 
1125 0.460761 
1126 0.462423 
1127 0.46413 
1128 0.465883 
1129 0.467679 
1130 0.469519 
1131 0.471401 
1132 0.473324 
1133 0.475288 
1134 0.47729 
1135 0.479331 
1136 0.481409 
1137 0.483523 
1138 0.485672 
1139 0.487855 
1140 0.490071 
1141 0.49232 
1142 0.494599 
1143 0.496908 
1144 0.499246 
1145 0.501612 
1146 0.504004 
1147 0.506422 
1148 0.508864 
1149 0.51133 
1150 0.513818 
1151 0.516327 
1152 0.518856 
1153 0.521405 
1154 0.523974 
1155 0.526562 
1156 0.529168 
1157 0.531791 
1158 0.534432 
1159 0.537089 
1160 0.539762 
1161 0.54245 
1162 0.545153 
1163 0.54787 
1164 0.550601 
1165 0.553344 
1166 0.5561 
1167 0.558867 
1168 0.561646 
1169 0.564435 
1170 0.567233 
1171 0.570041 
1172 0.572857 
1173 0.57568 
1174 0.578511 
1175 0.581349 
1176 0.584192 
1177 0.587041 
1178 0.589893 
1179 0.59275 
1180 0.59561 
1181 0.598472 
1182 0.601336 
1183 0.604202 
1184 0.607067 
1185 0.609932 
1186 0.612796 
1187 0.615658 
1188 0.618518 
1189 0.621375 
1190 0.624228 
1191 0.627076 
1192 0.629918 
1193 0.632755 
1194 0.635584 
1195 0.638406 
1196 0.641219 
1197 0.644024 
1198 0.646818 
1199 0.649602 
1200 0.652374 
1201 0.655134 
1202 0.657882 
1203 0.660617 
1204 0.663339 
1205 0.666049 
1206 0.668746 
1207 0.671429 
1208 0.6741 
1209 0.676757 
1210 0.6794 
1211 0.68203 
1212 0.684645 
1213 0.687247 
1214 0.689835 
1215 0.692409 
1216 0.694968 
1217 0.697512 
1218 0.700042 
1219 0.702557 
1220 0.705056 
1221 0.707541 
1222 0.71001 
1223 0.712464 
1224 0.714903 
1225 0.717325 
1226 0.719731 
1227 0.722122 
1228 0.724496 
1229 0.726854 
1230 0.729195 
1231 0.731519 
1232 0.733827 
1233 0.736117 
1234 0.738391 
1235 0.740647 
1236 0.742885 
1237 0.745106 
1238 0.747309 
1239 0.749494 
1240 0.751661 
1241 0.75381 
1242 0.75594 
1243 0.758051 
1244 0.760144 
1245 0.762218 
1246 0.764272 
1247 0.766307 
1248 0.768323 
1249 0.770319 
1250 0.772296 
1251 0.774252 
1252 0.776188 
1253 0.778102 
1254 0.779994 
1255 0.781863 
1256 0.783709 
1257 0.78553 
1258 0.787326 
1259 0.789096 
1260 0.79084 
1261 0.792556 
1262 0.794245 
1263 0.795904 
1264 0.797534 
1265 0.799133 
1266 0.800701 
1267 0.802237 
1268 0.80374 
1269 0.805209 
1270 0.806644 
1271 0.808044 
1272 0.809408 
1273 0.810736 
1274 0.812025 
1275 0.813276 
1276 0.814488 
1277 0.81566 
1278 0.816791 
1279 0.81788 
1280 0.818926 
1281 0.81993 
1282 0.820888 
1283 0.821802 
1284 0.82267 
1285 0.82349 
1286 0.824264 
1287 0.824988 
1288 0.825663 
1289 0.826288 
1290 0.826861 
1291 0.827383 
1292 0.827851 
1293 0.828266 
1294 0.828625 
1295 0.828929 
1296 0.829177 
1297 0.829366 
1298 0.829498 
1299 0.82957 
1300 0.829581 
1301 0.829532 
1302 0.829422 
1303 0.829252 
1304 0.829021 
1305 0.828731 
1306 0.828382 
1307 0.827975 
1308 0.827509 
1309 0.826986 
1310 0.826405 
1311 0.825768 
1312 0.825074 
1313 0.824325 
1314 0.82352 
1315 0.822661 
1316 0.821747 
1317 0.820779 
1318 0.819758 
1319 0.818684 
1320 0.817557 
1321 0.816379 
1322 0.815149 
1323 0.813869 
1324 0.812538 
1325 0.811157 
1326 0.809727 
1327 0.808249 
1328 0.806722 
1329 0.805147 
1330 0.803525 
1331 0.801857 
1332 0.800143 
1333 0.798383 
1334 0.796578 
1335 0.794729 
1336 0.792836 
1337 0.7909 
1338 0.788921 
1339 0.7869 
1340 0.784838 
1341 0.782735 
1342 0.780591 
1343 0.778408 
1344 0.776186 
1345 0.773925 
1346 0.771626 
1347 0.76929 
1348 0.766918 
1349 0.764509 
1350 0.762065 
1351 0.759586 
1352 0.757073 
1353 0.754527 
1354 0.751947 
1355 0.749334 
1356 0.74669 
1357 0.744014 
1358 0.741307 
1359 0.738569 
1360 0.735802 
1361 0.733006 
1362 0.730181 
1363 0.727327 
1364 0.724447 
1365 0.721539 
1366 0.718605 
1367 0.715645 
1368 0.71266 
1369 0.709651 
1370 0.706617 
1371 0.70356 
1372 0.70048 
1373 0.697379 
1374 0.694255 
1375 0.691111 
1376 0.687947 
1377 0.684762 
1378 0.681559 
1379 0.678338 
1380 0.675098 
1381 0.671842 
1382 0.668569 
1383 0.665281 
1384 0.661977 
1385 0.658659 
1386 0.655327 
1387 0.651982 
1388 0.648624 
1389 0.645255 
1390 0.641874 
1391 0.638483 
1392 0.635083 
1393 0.631673 
1394 0.628255 
1395 0.62483 
1396 0.621397 
1397 0.617958 
1398 0.614514 
1399 0.611065 
1400 0.607612 
1401 0.604155 
1402 0.600695 
1403 0.597233 
1404 0.593768 
1405 0.5903 
1406 0.58683 
1407 0.583359 
1408 0.579886 
1409 0.576412 
1410 0.572936 
1411 0.56946 
1412 0.565984 
1413 0.562507 
1414 0.55903 
1415 0.555553 
1416 0.552077 
1417 0.548602 
1418 0.545127 
1419 0.541654 
1420 0.538183 
1421 0.534714 
1422 0.531247 
1423 0.527782 
1424 0.52432 
1425 0.520861 
1426 0.517405 
1427 0.513953 
1428 0.510505 
1429 0.507061 
1430 0.503621 
1431 0.500186 
1432 0.496757 
1433 0.493332 
1434 0.489913 
1435 0.4865 
1436 0.483093 
1437 0.479693 
1438 0.4763 
1439 0.472913 
1440 0.469534 
1441 0.466163 
1442 0.4628 
1443 0.459445 
1444 0.456098 
1445 0.452761 
1446 0.449433 
1447 0.446114 
1448 0.442806 
1449 0.439507 
1450 0.436219 
1451 0.432942 
1452 0.429676 
1453 0.426422 
1454 0.423179 
1455 0.419949 
1456 0.416732 
1457 0.413527 
1458 0.410336 
1459 0.407159 
1460 0.403996 
1461 0.400848 
1462 0.397714 
1463 0.394596 
1464 0.391494 
1465 0.388407 
1466 0.385338 
1467 0.382285 
1468 0.379249 
1469 0.376231 
1470 0.373231 
1471 0.37025 
1472 0.367288 
1473 0.364344 
1474 0.361421 
1475 0.358518 
1476 0.355635 
1477 0.352773 
1478 0.349932 
1479 0.347113 
1480 0.344316 
1481 0.341542 
1482 0.338791 
1483 0.336063 
1484 0.33336 
1485 0.33068 
1486 0.328025 
1487 0.325395 
1488 0.322791 
1489 0.320212 
1490 0.317661 
1491 0.315136 
1492 0.312638 
1493 0.310168 
1494 0.307726 
1495 0.305313 
1496 0.302928 
1497 0.300574 
1498 0.298249 
1499 0.295954 
1500 0.293691 
1501 0.291458 
1502 0.289257 
1503 0.287086 
1504 0.284946 
1505 0.282836 
1506 0.280756 
1507 0.278706 
1508 0.276684 
1509 0.274692 
1510 0.272728 
1511 0.270793 
1512 0.268886 
1513 0.267006 
1514 0.265154 
1515 0.26333 
1516 0.261532 
1517 0.25976 
1518 0.258015 
1519 0.256296 
1520 0.254602 
1521 0.252933 
1522 0.25129 
1523 0.249671 
1524 0.248076 
1525 0.246505 
1526 0.244958 
1527 0.243434 
1528 0.241933 
1529 0.240454 
1530 0.238998 
1531 0.237564 
1532 0.236151 
1533 0.23476 
1534 0.233389 
1535 0.232039 
1536 0.230709 
1537 0.229398 
1538 0.228107 
1539 0.226836 
1540 0.225583 
1541 0.224348 
1542 0.223131 
1543 0.221932 
1544 0.22075 
1545 0.219585 
1546 0.218436 
1547 0.217303 
1548 0.216186 
1549 0.215085 
1550 0.213998 
1551 0.212926 
1552 0.211868 
1553 0.210825 
1554 0.209795 
1555 0.20878 
1556 0.207778 
1557 0.206789 
1558 0.205814 
1559 0.204852 
1560 0.203903 
1561 0.202967 
1562 0.202044 
1563 0.201132 
1564 0.200233 
1565 0.199347 
1566 0.198472 
1567 0.197608 
1568 0.196757 
1569 0.195916 
1570 0.195087 
1571 0.194268 
1572 0.193461 
1573 0.192663 
1574 0.191877 
1575 0.1911 
1576 0.190333 
1577 0.189576 
1578 0.188829 
1579 0.188091 
1580 0.187362 
1581 0.186642 
1582 0.185931 
1583 0.185228 
1584 0.184534 
1585 0.183847 
1586 0.183169 
1587 0.182498 
1588 0.181835 
1589 0.181179 
1590 0.180531 
1591 0.179889 
1592 0.179253 
1593 0.178624 
1594 0.178002 
1595 0.177385 
1596 0.176774 
1597 0.176168 
1598 0.175568 
1599 0.174973 
1600 0.174383 
1601 0.173797 
1602 0.173217 
1603 0.172641 
1604 0.172071 
1605 0.171506 
1606 0.170947 
1607 0.170395 
1608 0.169848 
1609 0.169308 
1610 0.168775 
1611 0.168248 
1612 0.16773 
1613 0.167218 
1614 0.166714 
1615 0.166219 
1616 0.165731 
1617 0.165252 
1618 0.164782 
1619 0.164321 
1620 0.163869 
1621 0.163426 
1622 0.162993 
1623 0.162571 
1624 0.162158 
1625 0.161756 
1626 0.161365 
1627 0.160985 
1628 0.160616 
1629 0.160259 
1630 0.159914 
1631 0.159581 
1632 0.15926 
1633 0.158952 
1634 0.158657 
1635 0.158375 
1636 0.158106 
1637 0.157851 
1638 0.15761 
1639 0.157384 
1640 0.157172 
1641 0.156974 
1642 0.156792 
1643 0.156626 
1644 0.156475 
1645 0.15634 
1646 0.156221 
1647 0.156118 
1648 0.156033 
1649 0.155964 
1650 0.155913 
1651 0.15588 
1652 0.155864 
1653 0.155864 
1654 0.155882 
1655 0.155915 
1656 0.155964 
1657 0.156029 
1658 0.156109 
1659 0.156203 
1660 0.156312 
1661 0.156434 
1662 0.15657 
1663 0.156719 
1664 0.15688 
1665 0.157054 
1666 0.15724 
1667 0.157437 
1668 0.157646 
1669 0.157865 
1670 0.158094 
1671 0.158333 
1672 0.158582 
1673 0.15884 
1674 0.159106 
1675 0.15938 
1676 0.159662 
1677 0.159952 
1678 0.160248 
1679 0.160551 
1680 0.16086 
1681 0.161175 
1682 0.161495 
1683 0.161819 
1684 0.162148 
1685 0.162481 
1686 0.162817 
1687 0.163157 
1688 0.163498 
1689 0.163842 
1690 0.164188 
1691 0.164535 
1692 0.164882 
1693 0.16523 
1694 0.165578 
1695 0.165925 
1696 0.166271 
1697 0.166615 
1698 0.166957 
1699 0.167297 
1700 0.167634 
1701 0.167967 
1702 0.168298 
1703 0.168625 
1704 0.168949 
1705 0.16927 
1706 0.169589 
1707 0.169905 
1708 0.170219 
1709 0.17053 
1710 0.17084 
1711 0.171148 
1712 0.171455 
1713 0.171759 
1714 0.172063 
1715 0.172365 
1716 0.172667 
1717 0.172967 
1718 0.173268 
1719 0.173567 
1720 0.173867 
1721 0.174166 
1722 0.174465 
1723 0.174765 
1724 0.175065 
1725 0.175366 
1726 0.175667 
1727 0.17597 
1728 0.176273 
1729 0.176578 
1730 0.176885 
1731 0.177193 
1732 0.177503 
1733 0.177815 
1734 0.17813 
1735 0.178447 
1736 0.178766 
1737 0.179089 
1738 0.179414 
1739 0.179743 
1740 0.180075 
1741 0.180411 
1742 0.18075 
1743 0.181094 
1744 0.181441 
1745 0.181793 
1746 0.18215 
1747 0.182511 
1748 0.182878 
1749 0.183249 
1750 0.183626 
1751 0.184009 
1752 0.184396 
1753 0.184789 
1754 0.185186 
1755 0.185587 
1756 0.185993 
1757 0.186402 
1758 0.186815 
1759 0.18723 
1760 0.187648 
1761 0.188069 
1762 0.188491 
1763 0.188916 
1764 0.189341 
1765 0.189768 
1766 0.190195 
1767 0.190623 
1768 0.19105 
1769 0.191478 
1770 0.191904 
1771 0.19233 
1772 0.192754 
1773 0.193177 
1774 0.193597 
1775 0.194015 
1776 0.19443 
1777 0.194842 
1778 0.195251 
1779 0.195656 
1780 0.196057 
1781 0.196453 
1782 0.196844 
1783 0.19723 
1784 0.19761 
1785 0.197984 
1786 0.198352 
1787 0.198713 
1788 0.199068 
1789 0.199414 
1790 0.199753 
1791 0.200083 
1792 0.200405 
1793 0.200718 
1794 0.201022 
1795 0.201315 
1796 0.201599 
1797 0.201872 
1798 0.202134 
1799 0.202385 
1800 0.202624 
1801 0.202852 
1802 0.203067 
1803 0.203272 
1804 0.203465 
1805 0.203648 
1806 0.203822 
1807 0.203986 
1808 0.204141 
1809 0.204287 
1810 0.204425 
1811 0.204556 
1812 0.204679 
1813 0.204795 
1814 0.204905 
1815 0.205009 
1816 0.205108 
1817 0.205202 
1818 0.205291 
1819 0.205377 
1820 0.205458 
1821 0.205537 
1822 0.205613 
1823 0.205687 
1824 0.205759 
1825 0.20583 
1826 0.2059 
1827 0.20597 
1828 0.206041 
1829 0.206112 
1830 0.206184 
1831 0.206258 
1832 0.206334 
1833 0.206413 
1834 0.206494 
1835 0.20658 
1836 0.20667 
1837 0.206764 
1838 0.206864 
1839 0.20697 
1840 0.207081 
1841 0.207199 
1842 0.207325 
1843 0.207458 
1844 0.2076 
1845 0.20775 
1846 0.20791 
1847 0.208079 
1848 0.208259 
1849 0.20845 
1850 0.208652 
1851 0.208866 
1852 0.209091 
1853 0.209326 
1854 0.209569 
1855 0.209822 
1856 0.210081 
1857 0.210346 
1858 0.210617 
1859 0.210892 
1860 0.21117 
1861 0.21145 
1862 0.211732 
1863 0.212014 
1864 0.212295 
1865 0.212575 
1866 0.212852 
1867 0.213125 
1868 0.213393 
1869 0.213656 
1870 0.213912 
1871 0.21416 
1872 0.214399 
1873 0.214628 
1874 0.214846 
1875 0.215052 
1876 0.215245 
1877 0.215425 
1878 0.215588 
1879 0.215736 
1880 0.215867 
1881 0.215979 
1882 0.216071 
1883 0.216143 
1884 0.216194 
1885 0.216222 
1886 0.216225 
1887 0.216205 
1888 0.216158 
1889 0.216084 
1890 0.215981 
1891 0.21585 
1892 0.215688 
1893 0.215494 
1894 0.215268 
1895 0.215007 
1896 0.214712 
1897 0.214381 
1898 0.214012 
1899 0.213605 
1900 0.213158 
1901 0.212671 
1902 0.212145 
1903 0.21158 
1904 0.210978 
1905 0.21034 
1906 0.209667 
1907 0.208961 
1908 0.208222 
1909 0.207453 
1910 0.206654 
1911 0.205826 
1912 0.204972 
1913 0.204091 
1914 0.203185 
1915 0.202257 
1916 0.201305 
1917 0.200334 
1918 0.199342 
1919 0.198332 
1920 0.197306 
1921 0.196263 
1922 0.195207 
1923 0.194137 
1924 0.193055 
1925 0.191964 
1926 0.190863 
1927 0.189754 
1928 0.188639 
1929 0.187519 
1930 0.186396 
1931 0.18527 
1932 0.184143 
1933 0.183017 
1934 0.181892 
1935 0.180771 
1936 0.179655 
1937 0.178544 
1938 0.177441 
1939 0.176347 
1940 0.175263 
1941 0.17419 
1942 0.173131 
1943 0.172086 
1944 0.171057 
1945 0.170046 
1946 0.169054 
1947 0.168081 
1948 0.167131 
1949 0.166204 
1950 0.165302 
1951 0.164425 
1952 0.163574 
1953 0.162748 
1954 0.161948 
1955 0.161171 
1956 0.160418 
1957 0.159689 
1958 0.158982 
1959 0.158297 
1960 0.157635 
1961 0.156993 
1962 0.156372 
1963 0.155772 
1964 0.155191 
1965 0.15463 
1966 0.154087 
1967 0.153563 
1968 0.153056 
1969 0.152567 
1970 0.152094 
1971 0.151637 
1972 0.151196 
1973 0.15077 
1974 0.150359 
1975 0.149961 
1976 0.149577 
1977 0.149206 
1978 0.148848 
1979 0.148501 
1980 0.148165 
1981 0.147841 
1982 0.147526 
1983 0.147222 
1984 0.146926 
1985 0.146639 
1986 0.14636 
1987 0.146088 
1988 0.145823 
1989 0.145565 
1990 0.145312 
1991 0.145064 
1992 0.144821 
1993 0.144582 
1994 0.144347 
1995 0.144114 
1996 0.143884 
1997 0.143655 
1998 0.143428 
1999 0.143201 
2000 0.142973 
