2 1077.16 
3 1027.26 
4 981.125 
5 948.117 
6 925.988 
7 911.946 
8 903.915 
9 899.848 
10 900.25 
11 902.717 
12 907.475 
13 913.215 
14 920.937 
15 930.526 
16 939.788 
17 949.402 
18 960.526 
19 973.452 
20 987.38 
21 1000.86 
22 1014.03 
23 1027.39 
24 1041.21 
25 1055.44 
26 1069.86 
27 1084.58 
28 1099.71 
29 1115.17 
30 1130.69 
31 1145.92 
32 1160.98 
33 1176.06 
34 1191.33 
35 1206.93 
36 1222.93 
37 1239.34 
38 1256.11 
39 1273.14 
40 1290.2 
41 1307.11 
42 1323.88 
43 1340.6 
44 1357.35 
45 1374.19 
46 1391.17 
47 1408.32 
48 1425.66 
49 1443.17 
50 1460.83 
51 1478.61 
52 1496.54 
53 1514.66 
54 1533.03 
55 1551.66 
56 1570.58 
57 1589.8 
58 1609.33 
59 1629.14 
60 1649.22 
61 1669.54 
62 1690.11 
63 1710.93 
64 1732.02 
65 1753.37 
66 1774.97 
67 1796.8 
68 1818.83 
69 1841.04 
70 1863.37 
71 1885.78 
72 1908.31 
73 1930.99 
74 1953.87 
75 1976.97 
76 2000.35 
77 2024.04 
78 2048.09 
79 2072.54 
80 2097.44 
81 2122.82 
82 2148.68 
83 2175 
84 2201.76 
85 2228.93 
86 2256.49 
87 2284.39 
88 2312.59 
89 2341.03 
90 2369.66 
91 2398.44 
92 2427.34 
93 2456.41 
94 2485.63 
95 2515.04 
96 2544.65 
97 2574.47 
98 2604.51 
99 2634.79 
100 2665.33 
101 2696.13 
102 2727.2 
103 2758.55 
104 2790.18 
105 2822.07 
106 2854.24 
107 2886.67 
108 2919.37 
109 2952.33 
110 2985.54 
111 3018.99 
112 3052.68 
113 3086.59 
114 3120.71 
115 3155.03 
116 3189.53 
117 3224.19 
118 3259 
119 3293.94 
120 3328.98 
121 3364.1 
122 3399.3 
123 3434.56 
124 3469.88 
125 3505.25 
126 3540.65 
127 3576.09 
128 3611.54 
129 3647 
130 3682.45 
131 3717.88 
132 3753.29 
133 3788.64 
134 3823.93 
135 3859.14 
136 3894.25 
137 3929.25 
138 3964.12 
139 3998.83 
140 4033.37 
141 4067.72 
142 4101.86 
143 4135.78 
144 4169.49 
145 4202.95 
146 4236.18 
147 4269.15 
148 4301.86 
149 4334.29 
150 4366.44 
151 4398.29 
152 4429.83 
153 4461.06 
154 4491.95 
155 4522.49 
156 4552.68 
157 4582.5 
158 4611.94 
159 4640.99 
160 4669.62 
161 4697.83 
162 4725.6 
163 4752.93 
164 4779.79 
165 4806.17 
166 4832.05 
167 4857.43 
168 4882.28 
169 4906.59 
170 4930.35 
171 4953.53 
172 4976.12 
173 4998.11 
174 5019.47 
175 5040.2 
176 5060.26 
177 5079.65 
178 5098.34 
179 5116.32 
180 5133.57 
181 5150.06 
182 5165.8 
183 5180.79 
184 5195.03 
185 5208.52 
186 5221.26 
187 5233.26 
188 5244.51 
189 5255.03 
190 5264.81 
191 5273.86 
192 5282.19 
193 5289.8 
194 5296.7 
195 5302.9 
196 5308.4 
197 5313.21 
198 5317.35 
199 5320.82 
200 5323.63 
201 5325.79 
202 5327.3 
203 5328.15 
204 5328.33 
205 5327.84 
206 5326.67 
207 5324.8 
208 5322.24 
209 5318.98 
210 5315 
211 5310.3 
212 5304.88 
213 5298.72 
214 5291.82 
215 5284.16 
216 5275.75 
217 5266.57 
218 5256.61 
219 5245.87 
220 5234.34 
221 5222 
222 5208.86 
223 5194.89 
224 5180.1 
225 5164.48 
226 5148.01 
227 5130.71 
228 5112.59 
229 5093.67 
230 5073.97 
231 5053.5 
232 5032.28 
233 5010.32 
234 4987.66 
235 4964.3 
236 4940.26 
237 4915.58 
238 4890.26 
239 4864.34 
240 4837.83 
241 4810.77 
242 4783.18 
243 4755.07 
244 4726.49 
245 4697.46 
246 4668.01 
247 4638.16 
248 4607.95 
249 4577.41 
250 4546.56 
251 4515.45 
252 4484.08 
253 4452.45 
254 4420.56 
255 4388.42 
256 4356.03 
257 4323.39 
258 4290.51 
259 4257.39 
260 4224.03 
261 4190.44 
262 4156.62 
263 4122.56 
264 4088.28 
265 4053.77 
266 4019.04 
267 3984.09 
268 3948.93 
269 3913.54 
270 3877.94 
271 3842.13 
272 3806.11 
273 3769.88 
274 3733.44 
275 3696.79 
276 3659.94 
277 3622.91 
278 3585.69 
279 3548.32 
280 3510.8 
281 3473.16 
282 3435.41 
283 3397.56 
284 3359.64 
285 3321.65 
286 3283.63 
287 3245.58 
288 3207.52 
289 3169.48 
290 3131.47 
291 3093.51 
292 3055.62 
293 3017.82 
294 2980.14 
295 2942.58 
296 2905.17 
297 2867.94 
298 2830.9 
299 2794.08 
300 2757.49 
301 2721.17 
302 2685.11 
303 2649.33 
304 2613.84 
305 2578.65 
306 2543.76 
307 2509.19 
308 2474.95 
309 2441.04 
310 2407.47 
311 2374.26 
312 2341.41 
313 2308.93 
314 2276.83 
315 2245.12 
316 2213.8 
317 2182.9 
318 2152.41 
319 2122.34 
320 2092.71 
321 2063.52 
322 2034.78 
323 2006.51 
324 1978.69 
325 1951.36 
326 1924.51 
327 1898.16 
328 1872.3 
329 1846.96 
330 1822.14 
331 1797.84 
332 1774.08 
333 1750.86 
334 1728.19 
335 1706.09 
336 1684.55 
337 1663.58 
338 1643.2 
339 1623.4 
340 1604.21 
341 1585.62 
342 1567.64 
343 1550.29 
344 1533.56 
345 1517.47 
346 1502.02 
347 1487.22 
348 1473.08 
349 1459.6 
350 1446.79 
351 1434.65 
352 1423.19 
353 1412.4 
354 1402.28 
355 1392.82 
356 1384.01 
357 1375.85 
358 1368.34 
359 1361.47 
360 1355.23 
361 1349.62 
362 1344.62 
363 1340.24 
364 1336.47 
365 1333.29 
366 1330.7 
367 1328.69 
368 1327.25 
369 1326.37 
370 1326.04 
371 1326.25 
372 1327 
373 1328.26 
374 1330.03 
375 1332.3 
376 1335.06 
377 1338.28 
378 1341.97 
379 1346.1 
380 1350.67 
381 1355.65 
382 1361.04 
383 1366.82 
384 1372.97 
385 1379.48 
386 1386.33 
387 1393.51 
388 1400.99 
389 1408.77 
390 1416.82 
391 1425.13 
392 1433.68 
393 1442.44 
394 1451.4 
395 1460.54 
396 1469.84 
397 1479.28 
398 1488.83 
399 1498.47 
400 1508.19 
401 1517.96 
402 1527.78 
403 1537.65 
404 1547.56 
405 1557.51 
406 1567.49 
407 1577.52 
408 1587.58 
409 1597.67 
410 1607.8 
411 1617.95 
412 1628.12 
413 1638.32 
414 1648.54 
415 1658.78 
416 1669.03 
417 1679.29 
418 1689.57 
419 1699.85 
420 1710.13 
421 1720.42 
422 1730.7 
423 1740.98 
424 1751.25 
425 1761.51 
426 1771.76 
427 1781.99 
428 1792.2 
429 1802.39 
430 1812.55 
431 1822.68 
432 1832.77 
433 1842.83 
434 1852.85 
435 1862.82 
436 1872.75 
437 1882.62 
438 1892.44 
439 1902.2 
440 1911.9 
441 1921.53 
442 1931.09 
443 1940.58 
444 1949.99 
445 1959.31 
446 1968.55 
447 1977.7 
448 1986.75 
449 1995.7 
450 2004.55 
451 2013.29 
452 2021.92 
453 2030.43 
454 2038.82 
455 2047.09 
456 2055.24 
457 2063.26 
458 2071.14 
459 2078.89 
460 2086.5 
461 2093.97 
462 2101.28 
463 2108.45 
464 2115.47 
465 2122.32 
466 2129.01 
467 2135.54 
468 2141.89 
469 2148.08 
470 2154.08 
471 2159.9 
472 2165.54 
473 2170.99 
474 2176.24 
475 2181.29 
476 2186.14 
477 2190.78 
478 2195.21 
479 2199.43 
480 2203.43 
481 2207.2 
482 2210.74 
483 2214.05 
484 2217.12 
485 2219.94 
486 2222.52 
487 2224.85 
488 2226.92 
489 2228.73 
490 2230.27 
491 2231.54 
492 2232.54 
493 2233.25 
494 2233.68 
495 2233.82 
496 2233.66 
497 2233.2 
498 2232.43 
499 2231.35 
500 2229.95 
501 2228.24 
502 2226.2 
503 2223.86 
504 2221.21 
505 2218.26 
506 2215.02 
507 2211.49 
508 2207.68 
509 2203.59 
510 2199.23 
511 2194.62 
512 2189.74 
513 2184.62 
514 2179.26 
515 2173.66 
516 2167.84 
517 2161.8 
518 2155.54 
519 2149.08 
520 2142.43 
521 2135.59 
522 2128.56 
523 2121.37 
524 2114.01 
525 2106.5 
526 2098.84 
527 2091.04 
528 2083.11 
529 2075.07 
530 2066.91 
531 2058.66 
532 2050.31 
533 2041.89 
534 2033.39 
535 2024.83 
536 2016.21 
537 2007.56 
538 1998.88 
539 1990.18 
540 1981.47 
541 1972.76 
542 1964.06 
543 1955.39 
544 1946.75 
545 1938.16 
546 1929.63 
547 1921.17 
548 1912.79 
549 1904.51 
550 1896.34 
551 1888.28 
552 1880.35 
553 1872.54 
554 1864.86 
555 1857.3 
556 1849.89 
557 1842.61 
558 1835.46 
559 1828.46 
560 1821.61 
561 1814.9 
562 1808.33 
563 1801.93 
564 1795.67 
565 1789.58 
566 1783.65 
567 1777.88 
568 1772.28 
569 1766.84 
570 1761.59 
571 1756.5 
572 1751.6 
573 1746.88 
574 1742.34 
575 1737.99 
576 1733.83 
577 1729.86 
578 1726.09 
579 1722.53 
580 1719.16 
581 1716 
582 1713.05 
583 1710.32 
584 1707.79 
585 1705.49 
586 1703.41 
587 1701.56 
588 1699.94 
589 1698.54 
590 1697.39 
591 1696.47 
592 1695.79 
593 1695.36 
594 1695.18 
595 1695.25 
596 1695.57 
597 1696.16 
598 1697 
599 1698.12 
600 1699.5 
601 1701.15 
602 1703.08 
603 1705.27 
604 1707.74 
605 1710.47 
606 1713.46 
607 1716.72 
608 1720.25 
609 1724.03 
610 1728.07 
611 1732.36 
612 1736.91 
613 1741.71 
614 1746.76 
615 1752.06 
616 1757.61 
617 1763.4 
618 1769.43 
619 1775.7 
620 1782.21 
621 1788.95 
622 1795.92 
623 1803.12 
624 1810.55 
625 1818.21 
626 1826.08 
627 1834.18 
628 1842.49 
629 1851.01 
630 1859.75 
631 1868.69 
632 1877.83 
633 1887.18 
634 1896.73 
635 1906.47 
636 1916.4 
637 1926.52 
638 1936.83 
639 1947.32 
640 1957.99 
641 1968.83 
642 1979.85 
643 1991.03 
644 2002.38 
645 2013.88 
646 2025.55 
647 2037.37 
648 2049.33 
649 2061.44 
650 2073.7 
651 2086.09 
652 2098.61 
653 2111.25 
654 2124.01 
655 2136.89 
656 2149.86 
657 2162.94 
658 2176.11 
659 2189.36 
660 2202.69 
661 2216.09 
662 2229.55 
663 2243.06 
664 2256.63 
665 2270.23 
666 2283.87 
667 2297.53 
668 2311.21 
669 2324.91 
670 2338.6 
671 2352.28 
672 2365.96 
673 2379.61 
674 2393.23 
675 2406.81 
676 2420.34 
677 2433.81 
678 2447.23 
679 2460.56 
680 2473.82 
681 2486.98 
682 2500.04 
683 2513 
684 2525.83 
685 2538.54 
686 2551.1 
687 2563.53 
688 2575.79 
689 2587.89 
690 2599.81 
691 2611.54 
692 2623.08 
693 2634.41 
694 2645.52 
695 2656.41 
696 2667.06 
697 2677.46 
698 2687.6 
699 2697.47 
700 2707.07 
701 2716.37 
702 2725.38 
703 2734.09 
704 2742.5 
705 2750.62 
706 2758.43 
707 2765.95 
708 2773.15 
709 2780.05 
710 2786.64 
711 2792.91 
712 2798.87 
713 2804.52 
714 2809.85 
715 2814.85 
716 2819.54 
717 2823.9 
718 2827.94 
719 2831.65 
720 2835.02 
721 2838.07 
722 2840.78 
723 2843.15 
724 2845.19 
725 2846.89 
726 2848.24 
727 2849.25 
728 2849.91 
729 2850.22 
730 2850.19 
731 2849.8 
732 2849.05 
733 2847.95 
734 2846.49 
735 2844.67 
736 2842.49 
737 2839.94 
738 2837.02 
739 2833.74 
740 2830.08 
741 2826.05 
742 2821.65 
743 2816.87 
744 2811.71 
745 2806.16 
746 2800.24 
747 2793.93 
748 2787.23 
749 2780.14 
750 2772.66 
751 2764.79 
752 2756.53 
753 2747.89 
754 2738.88 
755 2729.5 
756 2719.76 
757 2709.66 
758 2699.21 
759 2688.43 
760 2677.31 
761 2665.86 
762 2654.09 
763 2642.02 
764 2629.63 
765 2616.95 
766 2603.98 
767 2590.73 
768 2577.2 
769 2563.41 
770 2549.36 
771 2535.05 
772 2520.51 
773 2505.73 
774 2490.72 
775 2475.5 
776 2460.07 
777 2444.43 
778 2428.61 
779 2412.6 
780 2396.42 
781 2380.07 
782 2363.57 
783 2346.92 
784 2330.13 
785 2313.21 
786 2296.18 
787 2279.03 
788 2261.79 
789 2244.46 
790 2227.04 
791 2209.56 
792 2192.02 
793 2174.43 
794 2156.8 
795 2139.14 
796 2121.46 
797 2103.77 
798 2086.09 
799 2068.42 
800 2050.77 
801 2033.16 
802 2015.59 
803 1998.06 
804 1980.56 
805 1963.11 
806 1945.71 
807 1928.35 
808 1911.04 
809 1893.77 
810 1876.56 
811 1859.4 
812 1842.3 
813 1825.25 
814 1808.26 
815 1791.33 
816 1774.47 
817 1757.66 
818 1740.93 
819 1724.26 
820 1707.66 
821 1691.13 
822 1674.68 
823 1658.3 
824 1642 
825 1625.77 
826 1609.63 
827 1593.57 
828 1577.6 
829 1561.71 
830 1545.91 
831 1530.21 
832 1514.59 
833 1499.08 
834 1483.65 
835 1468.33 
836 1453.11 
837 1437.99 
838 1422.98 
839 1408.08 
840 1393.28 
841 1378.6 
842 1364.03 
843 1349.57 
844 1335.24 
845 1321.02 
846 1306.93 
847 1292.96 
848 1279.12 
849 1265.41 
850 1251.83 
851 1238.38 
852 1225.07 
853 1211.91 
854 1198.89 
855 1186.03 
856 1173.32 
857 1160.78 
858 1148.4 
859 1136.2 
860 1124.18 
861 1112.33 
862 1100.68 
863 1089.22 
864 1077.95 
865 1066.89 
866 1056.04 
867 1045.41 
868 1034.99 
869 1024.8 
870 1014.83 
871 1005.11 
872 995.621 
873 986.382 
874 977.395 
875 968.666 
876 960.2 
877 952.003 
878 944.081 
879 936.44 
880 929.085 
881 922.022 
882 915.258 
883 908.797 
884 902.646 
885 896.811 
886 891.298 
887 886.113 
888 881.261 
889 876.75 
890 872.586 
891 868.774 
892 865.32 
893 862.232 
894 859.516 
895 857.177 
896 855.222 
897 853.658 
898 852.491 
899 851.728 
900 851.375 
901 851.437 
902 851.907 
903 852.778 
904 854.041 
905 855.687 
906 857.709 
907 860.097 
908 862.844 
909 865.939 
910 869.374 
911 873.141 
912 877.229 
913 881.631 
914 886.336 
915 891.335 
916 896.62 
917 902.179 
918 908.004 
919 914.085 
920 920.412 
921 926.976 
922 933.765 
923 940.77 
924 947.981 
925 955.387 
926 962.979 
927 970.745 
928 978.675 
929 986.757 
930 994.983 
931 1003.34 
932 1011.82 
933 1020.4 
934 1029.09 
935 1037.86 
936 1046.71 
937 1055.62 
938 1064.58 
939 1073.58 
940 1082.62 
941 1091.67 
942 1100.72 
943 1109.77 
944 1118.8 
945 1127.79 
946 1136.74 
947 1145.64 
948 1154.46 
949 1163.21 
950 1171.86 
951 1180.4 
952 1188.83 
953 1197.15 
954 1205.36 
955 1213.45 
956 1221.42 
957 1229.27 
958 1236.99 
959 1244.59 
960 1252.06 
961 1259.4 
962 1266.61 
963 1273.68 
964 1280.62 
965 1287.41 
966 1294.06 
967 1300.56 
968 1306.92 
969 1313.13 
970 1319.18 
971 1325.08 
972 1330.83 
973 1336.41 
974 1341.83 
975 1347.08 
976 1352.17 
977 1357.08 
978 1361.82 
979 1366.39 
980 1370.78 
981 1374.99 
982 1379.01 
983 1382.85 
984 1386.5 
985 1389.96 
986 1393.22 
987 1396.28 
988 1399.15 
989 1401.81 
990 1404.27 
991 1406.52 
992 1408.56 
993 1410.39 
994 1412 
995 1413.38 
996 1414.55 
997 1415.49 
998 1416.21 
999 1416.69 
1000 1416.94 
1001 1416.95 
1002 1416.73 
1003 1416.28 
1004 1415.61 
1005 1414.72 
1006 1413.62 
1007 1412.3 
1008 1410.78 
1009 1409.06 
1010 1407.15 
1011 1405.04 
1012 1402.75 
1013 1400.28 
1014 1397.64 
1015 1394.82 
1016 1391.83 
1017 1388.69 
1018 1385.39 
1019 1381.94 
1020 1378.35 
1021 1374.61 
1022 1370.75 
1023 1366.75 
1024 1362.63 
1025 1358.39 
1026 1354.04 
1027 1349.58 
1028 1345.02 
1029 1340.37 
1030 1335.62 
1031 1330.79 
1032 1325.89 
1033 1320.91 
1034 1315.86 
1035 1310.75 
1036 1305.59 
1037 1300.38 
1038 1295.13 
1039 1289.84 
1040 1284.52 
1041 1279.18 
1042 1273.81 
1043 1268.44 
1044 1263.07 
1045 1257.69 
1046 1252.32 
1047 1246.97 
1048 1241.64 
1049 1236.33 
1050 1231.06 
1051 1225.83 
1052 1220.64 
1053 1215.49 
1054 1210.37 
1055 1205.29 
1056 1200.25 
1057 1195.24 
1058 1190.26 
1059 1185.31 
1060 1180.39 
1061 1175.49 
1062 1170.62 
1063 1165.78 
1064 1160.96 
1065 1156.17 
1066 1151.39 
1067 1146.63 
1068 1141.89 
1069 1137.16 
1070 1132.45 
1071 1127.75 
1072 1123.07 
1073 1118.39 
1074 1113.72 
1075 1109.06 
1076 1104.4 
1077 1099.74 
1078 1095.09 
1079 1090.44 
1080 1085.78 
1081 1081.13 
1082 1076.46 
1083 1071.79 
1084 1067.12 
1085 1062.43 
1086 1057.73 
1087 1053.02 
1088 1048.29 
1089 1043.55 
1090 1038.78 
1091 1034 
1092 1029.19 
1093 1024.36 
1094 1019.5 
1095 1014.62 
1096 1009.71 
1097 1004.76 
1098 999.783 
1099 994.769 
1100 989.718 
1101 984.629 
1102 979.504 
1103 974.348 
1104 969.163 
1105 963.954 
1106 958.724 
1107 953.477 
1108 948.216 
1109 942.946 
1110 937.67 
1111 932.393 
1112 927.117 
1113 921.847 
1114 916.587 
1115 911.34 
1116 906.111 
1117 900.904 
1118 895.722 
1119 890.57 
1120 885.452 
1121 880.372 
1122 875.334 
1123 870.342 
1124 865.401 
1125 860.514 
1126 855.686 
1127 850.922 
1128 846.225 
1129 841.599 
1130 837.05 
1131 832.582 
1132 828.198 
1133 823.904 
1134 819.704 
1135 815.602 
1136 811.604 
1137 807.712 
1138 803.934 
1139 800.271 
1140 796.731 
1141 793.316 
1142 790.032 
1143 786.884 
1144 783.876 
1145 781.013 
1146 778.3 
1147 775.742 
1148 773.343 
1149 771.11 
1150 769.045 
1151 767.155 
1152 765.437 
1153 763.89 
1154 762.512 
1155 761.303 
1156 760.259 
1157 759.379 
1158 758.661 
1159 758.104 
1160 757.706 
1161 757.464 
1162 757.378 
1163 757.444 
1164 757.662 
1165 758.029 
1166 758.543 
1167 759.203 
1168 760.006 
1169 760.95 
1170 762.034 
1171 763.255 
1172 764.612 
1173 766.102 
1174 767.723 
1175 769.473 
1176 771.351 
1177 773.353 
1178 775.478 
1179 777.723 
1180 780.087 
1181 782.568 
1182 785.162 
1183 787.868 
1184 790.684 
1185 793.606 
1186 796.634 
1187 799.765 
1188 802.996 
1189 806.324 
1190 809.749 
1191 813.267 
1192 816.875 
1193 820.573 
1194 824.356 
1195 828.223 
1196 832.17 
1197 836.197 
1198 840.3 
1199 844.476 
1200 848.723 
1201 853.039 
1202 857.42 
1203 861.863 
1204 866.365 
1205 870.922 
1206 875.531 
1207 880.189 
1208 884.892 
1209 889.638 
1210 894.422 
1211 899.241 
1212 904.092 
1213 908.971 
1214 913.874 
1215 918.799 
1216 923.742 
1217 928.698 
1218 933.665 
1219 938.638 
1220 943.615 
1221 948.591 
1222 953.562 
1223 958.526 
1224 963.478 
1225 968.415 
1226 973.332 
1227 978.226 
1228 983.093 
1229 987.929 
1230 992.73 
1231 997.493 
1232 1002.21 
1233 1006.89 
1234 1011.51 
1235 1016.08 
1236 1020.59 
1237 1025.03 
1238 1029.41 
1239 1033.72 
1240 1037.96 
1241 1042.11 
1242 1046.18 
1243 1050.17 
1244 1054.06 
1245 1057.85 
1246 1061.55 
1247 1065.14 
1248 1068.62 
1249 1071.99 
1250 1075.24 
1251 1078.37 
1252 1081.37 
1253 1084.26 
1254 1087.02 
1255 1089.66 
1256 1092.18 
1257 1094.58 
1258 1096.86 
1259 1099.01 
1260 1101.05 
1261 1102.96 
1262 1104.76 
1263 1106.43 
1264 1107.98 
1265 1109.42 
1266 1110.73 
1267 1111.93 
1268 1113.01 
1269 1113.96 
1270 1114.8 
1271 1115.52 
1272 1116.13 
1273 1116.61 
1274 1116.98 
1275 1117.23 
1276 1117.36 
1277 1117.38 
1278 1117.27 
1279 1117.06 
1280 1116.72 
1281 1116.27 
1282 1115.71 
1283 1115.03 
1284 1114.23 
1285 1113.32 
1286 1112.3 
1287 1111.16 
1288 1109.9 
1289 1108.54 
1290 1107.06 
1291 1105.47 
1292 1103.76 
1293 1101.94 
1294 1100.02 
1295 1097.97 
1296 1095.82 
1297 1093.56 
1298 1091.19 
1299 1088.7 
1300 1086.11 
1301 1083.41 
1302 1080.59 
1303 1077.68 
1304 1074.65 
1305 1071.53 
1306 1068.3 
1307 1064.97 
1308 1061.54 
1309 1058.01 
1310 1054.38 
1311 1050.66 
1312 1046.85 
1313 1042.94 
1314 1038.94 
1315 1034.86 
1316 1030.68 
1317 1026.42 
1318 1022.08 
1319 1017.65 
1320 1013.14 
1321 1008.55 
1322 1003.88 
1323 999.139 
1324 994.319 
1325 989.426 
1326 984.461 
1327 979.426 
1328 974.323 
1329 969.152 
1330 963.917 
1331 958.618 
1332 953.257 
1333 947.836 
1334 942.357 
1335 936.821 
1336 931.231 
1337 925.587 
1338 919.892 
1339 914.147 
1340 908.355 
1341 902.517 
1342 896.635 
1343 890.711 
1344 884.746 
1345 878.742 
1346 872.702 
1347 866.628 
1348 860.52 
1349 854.381 
1350 848.213 
1351 842.018 
1352 835.797 
1353 829.552 
1354 823.283 
1355 816.994 
1356 810.684 
1357 804.357 
1358 798.012 
1359 791.651 
1360 785.277 
1361 778.89 
1362 772.492 
1363 766.085 
1364 759.67 
1365 753.249 
1366 746.823 
1367 740.393 
1368 733.962 
1369 727.531 
1370 721.102 
1371 714.675 
1372 708.254 
1373 701.839 
1374 695.431 
1375 689.034 
1376 682.647 
1377 676.274 
1378 669.915 
1379 663.573 
1380 657.249 
1381 650.944 
1382 644.66 
1383 638.4 
1384 632.164 
1385 625.955 
1386 619.775 
1387 613.624 
1388 607.505 
1389 601.419 
1390 595.369 
1391 589.356 
1392 583.382 
1393 577.449 
1394 571.558 
1395 565.711 
1396 559.911 
1397 554.158 
1398 548.456 
1399 542.805 
1400 537.208 
1401 531.666 
1402 526.181 
1403 520.756 
1404 515.392 
1405 510.092 
1406 504.856 
1407 499.687 
1408 494.588 
1409 489.559 
1410 484.603 
1411 479.722 
1412 474.918 
1413 470.193 
1414 465.549 
1415 460.988 
1416 456.512 
1417 452.123 
1418 447.823 
1419 443.615 
1420 439.499 
1421 435.479 
1422 431.556 
1423 427.733 
1424 424.012 
1425 420.394 
1426 416.883 
1427 413.479 
1428 410.186 
1429 407.005 
1430 403.938 
1431 400.989 
1432 398.158 
1433 395.449 
1434 392.863 
1435 390.402 
1436 388.07 
1437 385.867 
1438 383.797 
1439 381.862 
1440 380.063 
1441 378.404 
1442 376.886 
1443 375.512 
1444 374.284 
1445 373.204 
1446 372.276 
1447 371.5 
1448 370.88 
1449 370.418 
1450 370.116 
1451 369.976 
1452 369.995 
1453 370.169 
1454 370.494 
1455 370.967 
1456 371.584 
1457 372.341 
1458 373.235 
1459 374.26 
1460 375.414 
1461 376.693 
1462 378.092 
1463 379.608 
1464 381.237 
1465 382.974 
1466 384.816 
1467 386.758 
1468 388.797 
1469 390.929 
1470 393.148 
1471 395.452 
1472 397.835 
1473 400.294 
1474 402.825 
1475 405.423 
1476 408.084 
1477 410.803 
1478 413.577 
1479 416.401 
1480 419.27 
1481 422.181 
1482 425.128 
1483 428.108 
1484 431.116 
1485 434.147 
1486 437.197 
1487 440.261 
1488 443.335 
1489 446.414 
1490 449.494 
1491 452.57 
1492 455.637 
1493 458.69 
1494 461.726 
1495 464.738 
1496 467.723 
1497 470.675 
1498 473.59 
1499 476.463 
1500 479.289 
1501 482.064 
1502 484.787 
1503 487.459 
1504 490.08 
1505 492.649 
1506 495.168 
1507 497.637 
1508 500.055 
1509 502.423 
1510 504.741 
1511 507.01 
1512 509.229 
1513 511.4 
1514 513.521 
1515 515.594 
1516 517.618 
1517 519.595 
1518 521.524 
1519 523.405 
1520 525.238 
1521 527.025 
1522 528.765 
1523 530.459 
1524 532.106 
1525 533.707 
1526 535.263 
1527 536.773 
1528 538.238 
1529 539.658 
1530 541.033 
1531 542.364 
1532 543.651 
1533 544.895 
1534 546.095 
1535 547.252 
1536 548.365 
1537 549.437 
1538 550.466 
1539 551.453 
1540 552.399 
1541 553.303 
1542 554.166 
1543 554.988 
1544 555.77 
1545 556.512 
1546 557.214 
1547 557.876 
1548 558.5 
1549 559.084 
1550 559.63 
1551 560.138 
1552 560.606 
1553 561.034 
1554 561.421 
1555 561.765 
1556 562.065 
1557 562.32 
1558 562.53 
1559 562.692 
1560 562.806 
1561 562.871 
1562 562.885 
1563 562.848 
1564 562.757 
1565 562.613 
1566 562.413 
1567 562.157 
1568 561.844 
1569 561.472 
1570 561.04 
1571 560.547 
1572 559.992 
1573 559.373 
1574 558.689 
1575 557.94 
1576 557.123 
1577 556.238 
1578 555.283 
1579 554.258 
1580 553.16 
1581 551.989 
1582 550.744 
1583 549.423 
1584 548.024 
1585 546.547 
1586 544.991 
1587 543.353 
1588 541.634 
1589 539.831 
1590 537.943 
1591 535.969 
1592 533.908 
1593 531.757 
1594 529.517 
1595 527.186 
1596 524.762 
1597 522.243 
1598 519.63 
1599 516.919 
1600 514.111 
1601 511.204 
1602 508.202 
1603 505.109 
1604 501.928 
1605 498.664 
1606 495.321 
1607 491.903 
1608 488.414 
1609 484.859 
1610 481.241 
1611 477.565 
1612 473.836 
1613 470.056 
1614 466.232 
1615 462.366 
1616 458.464 
1617 454.529 
1618 450.566 
1619 446.58 
1620 442.574 
1621 438.554 
1622 434.524 
1623 430.487 
1624 426.45 
1625 422.416 
1626 418.389 
1627 414.375 
1628 410.378 
1629 406.403 
1630 402.454 
1631 398.536 
1632 394.653 
1633 390.811 
1634 387.014 
1635 383.266 
1636 379.574 
1637 375.94 
1638 372.371 
1639 368.871 
1640 365.444 
1641 362.097 
1642 358.833 
1643 355.658 
1644 352.577 
1645 349.594 
1646 346.715 
1647 343.944 
1648 341.287 
1649 338.749 
1650 336.334 
1651 334.048 
1652 331.886 
1653 329.847 
1654 327.925 
1655 326.118 
1656 324.423 
1657 322.834 
1658 321.349 
1659 319.964 
1660 318.675 
1661 317.479 
1662 316.372 
1663 315.349 
1664 314.408 
1665 313.544 
1666 312.753 
1667 312.032 
1668 311.377 
1669 310.784 
1670 310.249 
1671 309.768 
1672 309.337 
1673 308.952 
1674 308.609 
1675 308.305 
1676 308.034 
1677 307.794 
1678 307.58 
1679 307.387 
1680 307.213 
1681 307.052 
1682 306.901 
1683 306.755 
1684 306.61 
1685 306.463 
1686 306.308 
1687 306.142 
1688 305.96 
1689 305.758 
1690 305.531 
1691 305.276 
1692 304.988 
1693 304.663 
1694 304.296 
1695 303.882 
1696 303.418 
1697 302.9 
1698 302.321 
1699 301.679 
1700 300.968 
1701 300.185 
1702 299.334 
1703 298.416 
1704 297.437 
1705 296.4 
1706 295.309 
1707 294.167 
1708 292.979 
1709 291.748 
1710 290.479 
1711 289.174 
1712 287.839 
1713 286.476 
1714 285.091 
1715 283.687 
1716 282.267 
1717 280.836 
1718 279.399 
1719 277.958 
1720 276.518 
1721 275.084 
1722 273.658 
1723 272.246 
1724 270.852 
1725 269.479 
1726 268.132 
1727 266.816 
1728 265.533 
1729 264.289 
1730 263.088 
1731 261.934 
1732 260.831 
1733 259.784 
1734 258.797 
1735 257.875 
1736 257.021 
1737 256.24 
1738 255.537 
1739 254.916 
1740 254.381 
1741 253.937 
1742 253.588 
1743 253.34 
1744 253.195 
1745 253.16 
1746 253.238 
1747 253.435 
1748 253.754 
1749 254.201 
1750 254.779 
1751 255.493 
1752 256.34 
1753 257.315 
1754 258.416 
1755 259.637 
1756 260.975 
1757 262.427 
1758 263.987 
1759 265.652 
1760 267.418 
1761 269.281 
1762 271.237 
1763 273.281 
1764 275.41 
1765 277.619 
1766 279.904 
1767 282.261 
1768 284.686 
1769 287.174 
1770 289.721 
1771 292.323 
1772 294.976 
1773 297.676 
1774 300.417 
1775 303.196 
1776 306.008 
1777 308.849 
1778 311.715 
1779 314.601 
1780 317.502 
1781 320.414 
1782 323.333 
1783 326.254 
1784 329.172 
1785 332.084 
1786 334.984 
1787 337.867 
1788 340.73 
1789 343.568 
1790 346.375 
1791 349.148 
1792 351.881 
1793 354.57 
1794 357.21 
1795 359.796 
1796 362.324 
1797 364.789 
1798 367.185 
1799 369.509 
1800 371.754 
1801 373.918 
1802 376 
1803 378.001 
1804 379.921 
1805 381.761 
1806 383.522 
1807 385.204 
1808 386.809 
1809 388.336 
1810 389.788 
1811 391.163 
1812 392.464 
1813 393.691 
1814 394.845 
1815 395.925 
1816 396.934 
1817 397.872 
1818 398.74 
1819 399.538 
1820 400.267 
1821 400.928 
1822 401.522 
1823 402.049 
1824 402.511 
1825 402.907 
1826 403.24 
1827 403.509 
1828 403.716 
1829 403.861 
1830 403.945 
1831 403.969 
1832 403.934 
1833 403.84 
1834 403.688 
1835 403.48 
1836 403.216 
1837 402.897 
1838 402.523 
1839 402.096 
1840 401.616 
1841 401.085 
1842 400.502 
1843 399.87 
1844 399.189 
1845 398.459 
1846 397.682 
1847 396.858 
1848 395.989 
1849 395.075 
1850 394.117 
1851 393.116 
1852 392.073 
1853 390.988 
1854 389.862 
1855 388.696 
1856 387.489 
1857 386.243 
1858 384.959 
1859 383.636 
1860 382.277 
1861 380.88 
1862 379.447 
1863 377.979 
1864 376.475 
1865 374.938 
1866 373.366 
1867 371.762 
1868 370.126 
1869 368.458 
1870 366.759 
1871 365.029 
1872 363.27 
1873 361.482 
1874 359.665 
1875 357.821 
1876 355.95 
1877 354.053 
1878 352.129 
1879 350.181 
1880 348.209 
1881 346.213 
1882 344.194 
1883 342.153 
1884 340.091 
1885 338.007 
1886 335.904 
1887 333.781 
1888 331.64 
1889 329.481 
1890 327.304 
1891 325.111 
1892 322.902 
1893 320.678 
1894 318.44 
1895 316.188 
1896 313.924 
1897 311.647 
1898 309.359 
1899 307.06 
1900 304.752 
1901 302.434 
1902 300.108 
1903 297.775 
1904 295.434 
1905 293.087 
1906 290.735 
1907 288.378 
1908 286.017 
1909 283.652 
1910 281.285 
1911 278.917 
1912 276.547 
1913 274.177 
1914 271.807 
1915 269.438 
1916 267.072 
1917 264.708 
1918 262.347 
1919 259.991 
1920 257.64 
1921 255.294 
1922 252.956 
1923 250.624 
1924 248.301 
1925 245.986 
1926 243.681 
1927 241.387 
1928 239.104 
1929 236.833 
1930 234.575 
1931 232.33 
1932 230.1 
1933 227.885 
1934 225.687 
1935 223.505 
1936 221.341 
1937 219.196 
1938 217.07 
1939 214.964 
1940 212.88 
1941 210.817 
1942 208.777 
1943 206.761 
1944 204.769 
1945 202.802 
1946 200.862 
1947 198.948 
1948 197.063 
1949 195.206 
1950 193.378 
1951 191.581 
1952 189.814 
1953 188.076 
1954 186.366 
1955 184.685 
1956 183.031 
1957 181.404 
1958 179.804 
1959 178.229 
1960 176.679 
1961 175.153 
1962 173.652 
1963 172.173 
1964 170.717 
1965 169.283 
1966 167.871 
1967 166.479 
1968 165.107 
1969 163.755 
1970 162.422 
1971 161.106 
1972 159.808 
1973 158.527 
1974 157.263 
1975 156.014 
1976 154.779 
1977 153.56 
1978 152.353 
1979 151.16 
1980 149.979 
1981 148.809 
1982 147.651 
1983 146.503 
1984 145.364 
1985 144.234 
1986 143.113 
1987 141.999 
1988 140.892 
1989 139.791 
1990 138.695 
1991 137.604 
1992 136.518 
1993 135.434 
1994 134.354 
1995 133.275 
1996 132.198 
1997 131.121 
1998 130.044 
1999 128.966 
2000 127.886 
