2 13.7373 
3 24.5136 
4 37.1846 
5 51.4296 
6 66.9836 
7 83.6402 
8 101.218 
9 119.564 
10 138.561 
11 158.081 
12 178.025 
13 198.291 
14 218.812 
15 239.519 
16 260.341 
17 281.229 
18 302.138 
19 323.015 
20 343.79 
21 364.385 
22 384.772 
23 404.939 
24 424.879 
25 444.583 
26 464.043 
27 483.238 
28 502.14 
29 520.713 
30 538.907 
31 556.673 
32 573.996 
33 590.874 
34 607.303 
35 623.28 
36 638.801 
37 653.862 
38 668.456 
39 682.573 
40 696.202 
41 709.33 
42 721.96 
43 734.095 
44 745.742 
45 756.905 
46 767.586 
47 777.788 
48 787.513 
49 796.758 
50 805.521 
51 813.799 
52 821.602 
53 828.941 
54 835.83 
55 842.28 
56 848.303 
57 853.91 
58 859.112 
59 863.919 
60 868.339 
61 872.379 
62 876.043 
63 879.328 
64 882.232 
65 884.75 
66 886.873 
67 888.591 
68 889.89 
69 890.753 
70 891.16 
71 891.095 
72 890.575 
73 889.626 
74 888.278 
75 886.562 
76 884.509 
77 882.154 
78 879.534 
79 876.687 
80 873.655 
81 870.472 
82 867.146 
83 863.674 
84 860.051 
85 856.269 
86 852.32 
87 848.191 
88 843.865 
89 839.324 
90 834.547 
91 829.516 
92 824.24 
93 818.734 
94 813.015 
95 807.099 
96 801.004 
97 794.746 
98 788.343 
99 781.812 
100 775.172 
101 768.44 
102 761.628 
103 754.747 
104 747.806 
105 740.815 
106 733.783 
107 726.72 
108 719.633 
109 712.531 
110 705.419 
111 698.306 
112 691.197 
113 684.097 
114 677.011 
115 669.943 
116 662.896 
117 655.873 
118 648.875 
119 641.904 
120 634.959 
121 628.041 
122 621.158 
123 614.319 
124 607.532 
125 600.806 
126 594.148 
127 587.567 
128 581.07 
129 574.664 
130 568.357 
131 562.155 
132 556.064 
133 550.091 
134 544.24 
135 538.518 
136 532.929 
137 527.478 
138 522.169 
139 517.005 
140 511.989 
141 507.126 
142 502.416 
143 497.861 
144 493.464 
145 489.225 
146 485.145 
147 481.222 
148 477.458 
149 473.85 
150 470.396 
151 467.095 
152 463.944 
153 460.938 
154 458.074 
155 455.347 
156 452.752 
157 450.282 
158 447.931 
159 445.691 
160 443.555 
161 441.515 
162 439.571 
163 437.725 
164 435.979 
165 434.333 
166 432.789 
167 431.348 
168 430.01 
169 428.776 
170 427.646 
171 426.62 
172 425.698 
173 424.88 
174 424.165 
175 423.552 
176 423.041 
177 422.63 
178 422.317 
179 422.101 
180 421.98 
181 421.952 
182 422.019 
183 422.183 
184 422.445 
185 422.808 
186 423.272 
187 423.841 
188 424.515 
189 425.296 
190 426.186 
191 427.186 
192 428.297 
193 429.52 
194 430.857 
195 432.31 
196 433.877 
197 435.562 
198 437.364 
199 439.285 
200 441.325 
201 443.483 
202 445.759 
203 448.15 
204 450.652 
205 453.262 
206 455.978 
207 458.796 
208 461.712 
209 464.722 
210 467.823 
211 471.008 
212 474.275 
213 477.618 
214 481.031 
215 484.51 
216 488.049 
217 491.642 
218 495.282 
219 498.964 
220 502.68 
221 506.425 
222 510.189 
223 513.967 
224 517.75 
225 521.531 
226 525.301 
227 529.058 
228 532.8 
229 536.524 
230 540.228 
231 543.909 
232 547.565 
233 551.194 
234 554.793 
235 558.359 
236 561.889 
237 565.381 
238 568.832 
239 572.239 
240 575.599 
241 578.908 
242 582.164 
243 585.364 
244 588.504 
245 591.58 
246 594.59 
247 597.53 
248 600.396 
249 603.185 
250 605.893 
251 608.516 
252 611.054 
253 613.508 
254 615.876 
255 618.159 
256 620.357 
257 622.47 
258 624.498 
259 626.441 
260 628.3 
261 630.074 
262 631.765 
263 633.372 
264 634.896 
265 636.337 
266 637.696 
267 638.973 
268 640.169 
269 641.285 
270 642.321 
271 643.279 
272 644.158 
273 644.96 
274 645.686 
275 646.336 
276 646.912 
277 647.415 
278 647.843 
279 648.199 
280 648.483 
281 648.695 
282 648.836 
283 648.907 
284 648.908 
285 648.84 
286 648.704 
287 648.501 
288 648.232 
289 647.897 
290 647.498 
291 647.035 
292 646.51 
293 645.924 
294 645.277 
295 644.572 
296 643.809 
297 642.989 
298 642.115 
299 641.186 
300 640.205 
301 639.173 
302 638.091 
303 636.959 
304 635.778 
305 634.548 
306 633.27 
307 631.944 
308 630.572 
309 629.154 
310 627.691 
311 626.183 
312 624.631 
313 623.036 
314 621.399 
315 619.72 
316 618.001 
317 616.242 
318 614.444 
319 612.608 
320 610.736 
321 608.827 
322 606.883 
323 604.906 
324 602.895 
325 600.852 
326 598.779 
327 596.676 
328 594.545 
329 592.386 
330 590.201 
331 587.991 
332 585.757 
333 583.501 
334 581.223 
335 578.926 
336 576.611 
337 574.278 
338 571.93 
339 569.567 
340 567.192 
341 564.806 
342 562.409 
343 560.005 
344 557.594 
345 555.178 
346 552.759 
347 550.337 
348 547.916 
349 545.497 
350 543.081 
351 540.67 
352 538.265 
353 535.867 
354 533.478 
355 531.097 
356 528.726 
357 526.366 
358 524.018 
359 521.683 
360 519.362 
361 517.056 
362 514.766 
363 512.492 
364 510.237 
365 508.001 
366 505.784 
367 503.589 
368 501.417 
369 499.268 
370 497.143 
371 495.043 
372 492.971 
373 490.926 
374 488.911 
375 486.925 
376 484.971 
377 483.05 
378 481.162 
379 479.309 
380 477.492 
381 475.712 
382 473.971 
383 472.27 
384 470.609 
385 468.991 
386 467.417 
387 465.887 
388 464.404 
389 462.968 
390 461.581 
391 460.244 
392 458.958 
393 457.725 
394 456.547 
395 455.424 
396 454.357 
397 453.349 
398 452.401 
399 451.514 
400 450.689 
401 449.928 
402 449.231 
403 448.597 
404 448.027 
405 447.521 
406 447.077 
407 446.697 
408 446.379 
409 446.123 
410 445.93 
411 445.798 
412 445.728 
413 445.719 
414 445.771 
415 445.883 
416 446.055 
417 446.286 
418 446.576 
419 446.925 
420 447.332 
421 447.796 
422 448.317 
423 448.894 
424 449.528 
425 450.216 
426 450.958 
427 451.755 
428 452.604 
429 453.506 
430 454.459 
431 455.463 
432 456.517 
433 457.62 
434 458.772 
435 459.971 
436 461.216 
437 462.507 
438 463.843 
439 465.222 
440 466.644 
441 468.108 
442 469.612 
443 471.156 
444 472.738 
445 474.358 
446 476.013 
447 477.703 
448 479.427 
449 481.183 
450 482.971 
451 484.788 
452 486.634 
453 488.509 
454 490.41 
455 492.337 
456 494.289 
457 496.266 
458 498.265 
459 500.286 
460 502.328 
461 504.39 
462 506.47 
463 508.568 
464 510.682 
465 512.811 
466 514.953 
467 517.109 
468 519.276 
469 521.452 
470 523.638 
471 525.831 
472 528.03 
473 530.234 
474 532.441 
475 534.649 
476 536.858 
477 539.066 
478 541.272 
479 543.473 
480 545.669 
481 547.857 
482 550.036 
483 552.205 
484 554.362 
485 556.505 
486 558.633 
487 560.743 
488 562.835 
489 564.905 
490 566.953 
491 568.977 
492 570.975 
493 572.944 
494 574.883 
495 576.791 
496 578.664 
497 580.502 
498 582.302 
499 584.062 
500 585.78 
501 587.454 
502 589.084 
503 590.67 
504 592.211 
505 593.707 
506 595.157 
507 596.563 
508 597.923 
509 599.238 
510 600.507 
511 601.73 
512 602.906 
513 604.037 
514 605.121 
515 606.158 
516 607.149 
517 608.093 
518 608.989 
519 609.838 
520 610.64 
521 611.395 
522 612.101 
523 612.76 
524 613.372 
525 613.935 
526 614.449 
527 614.916 
528 615.334 
529 615.704 
530 616.025 
531 616.298 
532 616.521 
533 616.696 
534 616.822 
535 616.899 
536 616.926 
537 616.905 
538 616.834 
539 616.713 
540 616.544 
541 616.325 
542 616.056 
543 615.738 
544 615.37 
545 614.952 
546 614.485 
547 613.968 
548 613.401 
549 612.785 
550 612.118 
551 611.402 
552 610.636 
553 609.819 
554 608.952 
555 608.033 
556 607.064 
557 606.043 
558 604.97 
559 603.845 
560 602.668 
561 601.438 
562 600.156 
563 598.82 
564 597.431 
565 595.988 
566 594.492 
567 592.941 
568 591.335 
569 589.675 
570 587.96 
571 586.19 
572 584.364 
573 582.483 
574 580.545 
575 578.551 
576 576.501 
577 574.394 
578 572.23 
579 570.008 
580 567.729 
581 565.392 
582 562.997 
583 560.543 
584 558.031 
585 555.46 
586 552.83 
587 550.141 
588 547.392 
589 544.583 
590 541.715 
591 538.785 
592 535.796 
593 532.745 
594 529.634 
595 526.461 
596 523.226 
597 519.93 
598 516.572 
599 513.152 
600 509.669 
601 506.124 
602 502.517 
603 498.852 
604 495.13 
605 491.353 
606 487.523 
607 483.643 
608 479.713 
609 475.736 
610 471.715 
611 467.651 
612 463.546 
613 459.404 
614 455.225 
615 451.013 
616 446.77 
617 442.497 
618 438.198 
619 433.875 
620 429.529 
621 425.165 
622 420.783 
623 416.387 
624 411.98 
625 407.563 
626 403.139 
627 398.712 
628 394.283 
629 389.856 
630 385.433 
631 381.017 
632 376.611 
633 372.217 
634 367.839 
635 363.479 
636 359.141 
637 354.827 
638 350.54 
639 346.284 
640 342.061 
641 337.875 
642 333.729 
643 329.626 
644 325.568 
645 321.561 
646 317.606 
647 313.707 
648 309.867 
649 306.09 
650 302.379 
651 298.738 
652 295.166 
653 291.664 
654 288.231 
655 284.869 
656 281.576 
657 278.353 
658 275.201 
659 272.118 
660 269.104 
661 266.161 
662 263.288 
663 260.485 
664 257.751 
665 255.087 
666 252.493 
667 249.969 
668 247.514 
669 245.129 
670 242.813 
671 240.567 
672 238.39 
673 236.282 
674 234.244 
675 232.274 
676 230.374 
677 228.542 
678 226.779 
679 225.084 
680 223.458 
681 221.899 
682 220.409 
683 218.987 
684 217.633 
685 216.346 
686 215.126 
687 213.973 
688 212.888 
689 211.868 
690 210.916 
691 210.029 
692 209.209 
693 208.454 
694 207.765 
695 207.141 
696 206.582 
697 206.087 
698 205.657 
699 205.291 
700 204.988 
701 204.749 
702 204.572 
703 204.455 
704 204.398 
705 204.4 
706 204.458 
707 204.571 
708 204.739 
709 204.959 
710 205.23 
711 205.552 
712 205.921 
713 206.337 
714 206.798 
715 207.303 
716 207.85 
717 208.438 
718 209.065 
719 209.729 
720 210.428 
721 211.162 
722 211.928 
723 212.725 
724 213.55 
725 214.403 
726 215.281 
727 216.183 
728 217.107 
729 218.05 
730 219.012 
731 219.99 
732 220.982 
733 221.987 
734 223.003 
735 224.027 
736 225.057 
737 226.092 
738 227.13 
739 228.168 
740 229.205 
741 230.238 
742 231.265 
743 232.284 
744 233.293 
745 234.29 
746 235.273 
747 236.238 
748 237.185 
749 238.111 
750 239.013 
751 239.89 
752 240.741 
753 241.568 
754 242.37 
755 243.148 
756 243.903 
757 244.634 
758 245.344 
759 246.031 
760 246.696 
761 247.341 
762 247.965 
763 248.57 
764 249.155 
765 249.721 
766 250.268 
767 250.798 
768 251.311 
769 251.807 
770 252.287 
771 252.752 
772 253.202 
773 253.637 
774 254.059 
775 254.468 
776 254.864 
777 255.249 
778 255.622 
779 255.985 
780 256.337 
781 256.681 
782 257.016 
783 257.343 
784 257.663 
785 257.976 
786 258.284 
787 258.586 
788 258.883 
789 259.177 
790 259.468 
791 259.757 
792 260.044 
793 260.33 
794 260.617 
795 260.903 
796 261.192 
797 261.482 
798 261.776 
799 262.073 
800 262.375 
801 262.682 
802 262.993 
803 263.308 
804 263.626 
805 263.945 
806 264.265 
807 264.585 
808 264.903 
809 265.22 
810 265.533 
811 265.842 
812 266.145 
813 266.443 
814 266.733 
815 267.015 
816 267.287 
817 267.549 
818 267.8 
819 268.038 
820 268.262 
821 268.471 
822 268.665 
823 268.842 
824 269 
825 269.139 
826 269.258 
827 269.355 
828 269.43 
829 269.48 
830 269.505 
831 269.504 
832 269.476 
833 269.418 
834 269.331 
835 269.212 
836 269.061 
837 268.876 
838 268.656 
839 268.4 
840 268.106 
841 267.773 
842 267.4 
843 266.985 
844 266.528 
845 266.026 
846 265.478 
847 264.883 
848 264.24 
849 263.547 
850 262.803 
851 262.007 
852 261.16 
853 260.263 
854 259.318 
855 258.326 
856 257.289 
857 256.208 
858 255.086 
859 253.923 
860 252.721 
861 251.482 
862 250.208 
863 248.899 
864 247.558 
865 246.187 
866 244.786 
867 243.359 
868 241.906 
869 240.429 
870 238.93 
871 237.411 
872 235.874 
873 234.32 
874 232.751 
875 231.17 
876 229.577 
877 227.976 
878 226.367 
879 224.752 
880 223.135 
881 221.516 
882 219.897 
883 218.281 
884 216.67 
885 215.065 
886 213.469 
887 211.884 
888 210.311 
889 208.753 
890 207.212 
891 205.69 
892 204.189 
893 202.712 
894 201.261 
895 199.837 
896 198.443 
897 197.082 
898 195.755 
899 194.465 
900 193.214 
901 192.004 
902 190.835 
903 189.706 
904 188.616 
905 187.565 
906 186.553 
907 185.578 
908 184.64 
909 183.738 
910 182.872 
911 182.04 
912 181.243 
913 180.479 
914 179.748 
915 179.048 
916 178.38 
917 177.742 
918 177.134 
919 176.555 
920 176.004 
921 175.481 
922 174.984 
923 174.513 
924 174.067 
925 173.645 
926 173.247 
927 172.871 
928 172.517 
929 172.184 
930 171.87 
931 171.577 
932 171.301 
933 171.043 
934 170.801 
935 170.575 
936 170.364 
937 170.167 
938 169.982 
939 169.81 
940 169.649 
941 169.498 
942 169.356 
943 169.222 
944 169.096 
945 168.976 
946 168.862 
947 168.751 
948 168.644 
949 168.539 
950 168.436 
951 168.333 
952 168.23 
953 168.128 
954 168.026 
955 167.924 
956 167.823 
957 167.722 
958 167.622 
959 167.522 
960 167.423 
961 167.324 
962 167.226 
963 167.128 
964 167.031 
965 166.934 
966 166.839 
967 166.744 
968 166.649 
969 166.556 
970 166.463 
971 166.371 
972 166.28 
973 166.19 
974 166.1 
975 166.012 
976 165.924 
977 165.838 
978 165.752 
979 165.668 
980 165.585 
981 165.503 
982 165.422 
983 165.342 
984 165.263 
985 165.186 
986 165.11 
987 165.035 
988 164.961 
989 164.889 
990 164.818 
991 164.749 
992 164.681 
993 164.615 
994 164.55 
995 164.487 
996 164.425 
997 164.365 
998 164.307 
999 164.25 
1000 164.196 
1001 164.142 
1002 164.091 
1003 164.043 
1004 163.996 
1005 163.953 
1006 163.912 
1007 163.875 
1008 163.842 
1009 163.812 
1010 163.786 
1011 163.765 
1012 163.748 
1013 163.737 
1014 163.73 
1015 163.729 
1016 163.734 
1017 163.744 
1018 163.761 
1019 163.785 
1020 163.815 
1021 163.853 
1022 163.898 
1023 163.95 
1024 164.011 
1025 164.08 
1026 164.158 
1027 164.245 
1028 164.341 
1029 164.446 
1030 164.561 
1031 164.687 
1032 164.822 
1033 164.969 
1034 165.127 
1035 165.296 
1036 165.477 
1037 165.669 
1038 165.875 
1039 166.092 
1040 166.323 
1041 166.568 
1042 166.825 
1043 167.097 
1044 167.384 
1045 167.684 
1046 168 
1047 168.332 
1048 168.679 
1049 169.042 
1050 169.421 
1051 169.817 
1052 170.229 
1053 170.656 
1054 171.097 
1055 171.551 
1056 172.018 
1057 172.496 
1058 172.985 
1059 173.483 
1060 173.99 
1061 174.505 
1062 175.026 
1063 175.554 
1064 176.087 
1065 176.623 
1066 177.163 
1067 177.705 
1068 178.248 
1069 178.791 
1070 179.333 
1071 179.873 
1072 180.41 
1073 180.944 
1074 181.473 
1075 181.995 
1076 182.511 
1077 183.019 
1078 183.517 
1079 184.006 
1080 184.483 
1081 184.948 
1082 185.399 
1083 185.836 
1084 186.258 
1085 186.663 
1086 187.05 
1087 187.419 
1088 187.767 
1089 188.094 
1090 188.399 
1091 188.68 
1092 188.937 
1093 189.168 
1094 189.372 
1095 189.548 
1096 189.695 
1097 189.811 
1098 189.895 
1099 189.947 
1100 189.964 
1101 189.946 
1102 189.894 
1103 189.807 
1104 189.687 
1105 189.533 
1106 189.348 
1107 189.13 
1108 188.882 
1109 188.603 
1110 188.295 
1111 187.957 
1112 187.591 
1113 187.197 
1114 186.776 
1115 186.329 
1116 185.856 
1117 185.357 
1118 184.834 
1119 184.288 
1120 183.719 
1121 183.127 
1122 182.514 
1123 181.879 
1124 181.225 
1125 180.551 
1126 179.859 
1127 179.149 
1128 178.421 
1129 177.677 
1130 176.918 
1131 176.143 
1132 175.355 
1133 174.553 
1134 173.738 
1135 172.912 
1136 172.074 
1137 171.227 
1138 170.37 
1139 169.505 
1140 168.631 
1141 167.751 
1142 166.865 
1143 165.973 
1144 165.077 
1145 164.178 
1146 163.276 
1147 162.371 
1148 161.466 
1149 160.561 
1150 159.656 
1151 158.753 
1152 157.852 
1153 156.952 
1154 156.055 
1155 155.158 
1156 154.264 
1157 153.372 
1158 152.482 
1159 151.593 
1160 150.707 
1161 149.823 
1162 148.941 
1163 148.061 
1164 147.184 
1165 146.308 
1166 145.435 
1167 144.565 
1168 143.697 
1169 142.831 
1170 141.968 
1171 141.108 
1172 140.25 
1173 139.395 
1174 138.543 
1175 137.694 
1176 136.847 
1177 136.004 
1178 135.163 
1179 134.325 
1180 133.491 
1181 132.66 
1182 131.831 
1183 131.006 
1184 130.185 
1185 129.366 
1186 128.551 
1187 127.74 
1188 126.932 
1189 126.128 
1190 125.327 
1191 124.53 
1192 123.736 
1193 122.947 
1194 122.161 
1195 121.379 
1196 120.602 
1197 119.828 
1198 119.058 
1199 118.292 
1200 117.531 
1201 116.774 
1202 116.021 
1203 115.273 
1204 114.529 
1205 113.79 
1206 113.055 
1207 112.326 
1208 111.601 
1209 110.881 
1210 110.166 
1211 109.457 
1212 108.753 
1213 108.054 
1214 107.361 
1215 106.674 
1216 105.992 
1217 105.316 
1218 104.646 
1219 103.981 
1220 103.323 
1221 102.672 
1222 102.026 
1223 101.387 
1224 100.755 
1225 100.129 
1226 99.5099 
1227 98.8976 
1228 98.2924 
1229 97.6941 
1230 97.1031 
1231 96.5193 
1232 95.943 
1233 95.3741 
1234 94.8128 
1235 94.2593 
1236 93.7136 
1237 93.1758 
1238 92.6461 
1239 92.1245 
1240 91.6112 
1241 91.1063 
1242 90.6099 
1243 90.1221 
1244 89.6431 
1245 89.1729 
1246 88.7117 
1247 88.2595 
1248 87.8165 
1249 87.3829 
1250 86.9587 
1251 86.544 
1252 86.1388 
1253 85.7431 
1254 85.3568 
1255 84.9799 
1256 84.6123 
1257 84.254 
1258 83.905 
1259 83.5652 
1260 83.2346 
1261 82.9131 
1262 82.6007 
1263 82.2973 
1264 82.003 
1265 81.7175 
1266 81.441 
1267 81.1733 
1268 80.9144 
1269 80.6642 
1270 80.4228 
1271 80.19 
1272 79.9658 
1273 79.7502 
1274 79.5431 
1275 79.3444 
1276 79.1542 
1277 78.9722 
1278 78.7986 
1279 78.6332 
1280 78.476 
1281 78.3269 
1282 78.1859 
1283 78.0529 
1284 77.9278 
1285 77.8107 
1286 77.7014 
1287 77.5999 
1288 77.5062 
1289 77.4201 
1290 77.3416 
1291 77.2707 
1292 77.2073 
1293 77.1512 
1294 77.1026 
1295 77.0613 
1296 77.0272 
1297 77.0003 
1298 76.9805 
1299 76.9677 
1300 76.9619 
1301 76.9631 
1302 76.9709 
1303 76.9854 
1304 77.0062 
1305 77.0331 
1306 77.0661 
1307 77.1049 
1308 77.1494 
1309 77.1992 
1310 77.2543 
1311 77.3145 
1312 77.3795 
1313 77.4492 
1314 77.5234 
1315 77.6018 
1316 77.6843 
1317 77.7707 
1318 77.8608 
1319 77.9543 
1320 78.0511 
1321 78.151 
1322 78.2537 
1323 78.359 
1324 78.4668 
1325 78.5769 
1326 78.6889 
1327 78.8027 
1328 78.9182 
1329 79.035 
1330 79.1529 
1331 79.2718 
1332 79.3915 
1333 79.5116 
1334 79.632 
1335 79.7524 
1336 79.8727 
1337 79.9925 
1338 80.1118 
1339 80.2302 
1340 80.3475 
1341 80.4634 
1342 80.5779 
1343 80.6905 
1344 80.8011 
1345 80.9095 
1346 81.0153 
1347 81.1185 
1348 81.2186 
1349 81.3155 
1350 81.409 
1351 81.4987 
1352 81.5847 
1353 81.6669 
1354 81.7452 
1355 81.8196 
1356 81.89 
1357 81.9564 
1358 82.0186 
1359 82.0767 
1360 82.1306 
1361 82.1803 
1362 82.2256 
1363 82.2665 
1364 82.3031 
1365 82.3351 
1366 82.3626 
1367 82.3854 
1368 82.4036 
1369 82.4171 
1370 82.4258 
1371 82.4297 
1372 82.4287 
1373 82.4227 
1374 82.4117 
1375 82.3956 
1376 82.3744 
1377 82.348 
1378 82.3163 
1379 82.2793 
1380 82.237 
1381 82.1892 
1382 82.1358 
1383 82.077 
1384 82.0125 
1385 81.9423 
1386 81.8664 
1387 81.7846 
1388 81.697 
1389 81.6035 
1390 81.5039 
1391 81.3983 
1392 81.2865 
1393 81.1686 
1394 81.0443 
1395 80.9138 
1396 80.7769 
1397 80.6335 
1398 80.4836 
1399 80.3271 
1400 80.164 
1401 79.9941 
1402 79.8178 
1403 79.635 
1404 79.446 
1405 79.251 
1406 79.0501 
1407 78.8436 
1408 78.6315 
1409 78.4141 
1410 78.1915 
1411 77.9639 
1412 77.7316 
1413 77.4946 
1414 77.2531 
1415 77.0074 
1416 76.7577 
1417 76.504 
1418 76.2466 
1419 75.9857 
1420 75.7215 
1421 75.4541 
1422 75.1838 
1423 74.9108 
1424 74.6351 
1425 74.3571 
1426 74.077 
1427 73.7948 
1428 73.5109 
1429 73.2253 
1430 72.9384 
1431 72.6503 
1432 72.3612 
1433 72.0714 
1434 71.781 
1435 71.4901 
1436 71.1992 
1437 70.9083 
1438 70.6176 
1439 70.3274 
1440 70.0378 
1441 69.7492 
1442 69.4616 
1443 69.1754 
1444 68.8907 
1445 68.6077 
1446 68.3267 
1447 68.0479 
1448 67.7715 
1449 67.4977 
1450 67.2268 
1451 66.9588 
1452 66.6939 
1453 66.432 
1454 66.173 
1455 65.9169 
1456 65.6637 
1457 65.4132 
1458 65.1655 
1459 64.9205 
1460 64.6782 
1461 64.4384 
1462 64.2012 
1463 63.9665 
1464 63.7343 
1465 63.5045 
1466 63.277 
1467 63.0519 
1468 62.829 
1469 62.6084 
1470 62.3899 
1471 62.1735 
1472 61.9591 
1473 61.7468 
1474 61.5364 
1475 61.328 
1476 61.1213 
1477 60.9165 
1478 60.7134 
1479 60.512 
1480 60.3123 
1481 60.1141 
1482 59.9175 
1483 59.7223 
1484 59.5285 
1485 59.3362 
1486 59.1451 
1487 58.9552 
1488 58.7666 
1489 58.5791 
1490 58.3926 
1491 58.2072 
1492 58.0228 
1493 57.8392 
1494 57.6565 
1495 57.4746 
1496 57.2934 
1497 57.1129 
1498 56.933 
1499 56.7537 
1500 56.5748 
1501 56.3964 
1502 56.2186 
1503 56.0415 
1504 55.8652 
1505 55.69 
1506 55.516 
1507 55.3432 
1508 55.172 
1509 55.0024 
1510 54.8346 
1511 54.6687 
1512 54.5049 
1513 54.3434 
1514 54.1843 
1515 54.0277 
1516 53.8739 
1517 53.7229 
1518 53.575 
1519 53.4303 
1520 53.289 
1521 53.1512 
1522 53.0171 
1523 52.8869 
1524 52.7606 
1525 52.6386 
1526 52.5209 
1527 52.4078 
1528 52.2993 
1529 52.1958 
1530 52.0972 
1531 52.0038 
1532 51.9158 
1533 51.8334 
1534 51.7567 
1535 51.6859 
1536 51.6211 
1537 51.5626 
1538 51.5105 
1539 51.465 
1540 51.4263 
1541 51.3945 
1542 51.3699 
1543 51.3526 
1544 51.3428 
1545 51.3406 
1546 51.3463 
1547 51.3601 
1548 51.3821 
1549 51.4125 
1550 51.4515 
1551 51.4992 
1552 51.5554 
1553 51.6195 
1554 51.6914 
1555 51.7705 
1556 51.8565 
1557 51.949 
1558 52.0476 
1559 52.152 
1560 52.2617 
1561 52.3764 
1562 52.4956 
1563 52.619 
1564 52.7461 
1565 52.8766 
1566 53.0101 
1567 53.1461 
1568 53.2842 
1569 53.4241 
1570 53.5653 
1571 53.7074 
1572 53.85 
1573 53.9926 
1574 54.1349 
1575 54.2765 
1576 54.4168 
1577 54.5555 
1578 54.6922 
1579 54.8264 
1580 54.9576 
1581 55.0855 
1582 55.2097 
1583 55.3295 
1584 55.4447 
1585 55.5548 
1586 55.6594 
1587 55.7579 
1588 55.8499 
1589 55.935 
1590 56.0128 
1591 56.0827 
1592 56.1444 
1593 56.1973 
1594 56.2409 
1595 56.2749 
1596 56.2988 
1597 56.312 
1598 56.3141 
1599 56.3047 
1600 56.2832 
1601 56.2494 
1602 56.2034 
1603 56.1456 
1604 56.0766 
1605 55.9965 
1606 55.9059 
1607 55.8051 
1608 55.6946 
1609 55.5747 
1610 55.4459 
1611 55.3085 
1612 55.163 
1613 55.0097 
1614 54.8491 
1615 54.6817 
1616 54.5078 
1617 54.3278 
1618 54.1421 
1619 53.9513 
1620 53.7557 
1621 53.5557 
1622 53.3518 
1623 53.1444 
1624 52.934 
1625 52.7209 
1626 52.5057 
1627 52.2887 
1628 52.0705 
1629 51.8514 
1630 51.6319 
1631 51.4124 
1632 51.1935 
1633 50.9755 
1634 50.759 
1635 50.5443 
1636 50.332 
1637 50.1225 
1638 49.9162 
1639 49.7137 
1640 49.5154 
1641 49.3218 
1642 49.1334 
1643 48.9505 
1644 48.7739 
1645 48.6038 
1646 48.4408 
1647 48.2853 
1648 48.138 
1649 47.9991 
1650 47.8694 
1651 47.749 
1652 47.6378 
1653 47.5355 
1654 47.4416 
1655 47.3559 
1656 47.2779 
1657 47.2074 
1658 47.1439 
1659 47.0871 
1660 47.0366 
1661 46.9921 
1662 46.9532 
1663 46.9195 
1664 46.8906 
1665 46.8662 
1666 46.8459 
1667 46.8294 
1668 46.8161 
1669 46.8059 
1670 46.7982 
1671 46.7927 
1672 46.789 
1673 46.7867 
1674 46.7855 
1675 46.7848 
1676 46.7845 
1677 46.7839 
1678 46.7828 
1679 46.7808 
1680 46.7774 
1681 46.7722 
1682 46.7648 
1683 46.7549 
1684 46.742 
1685 46.7257 
1686 46.7056 
1687 46.6812 
1688 46.6522 
1689 46.6182 
1690 46.5787 
1691 46.5332 
1692 46.4814 
1693 46.4229 
1694 46.3572 
1695 46.2838 
1696 46.2024 
1697 46.1125 
1698 46.0137 
1699 45.9055 
1700 45.7875 
1701 45.6594 
1702 45.5213 
1703 45.3736 
1704 45.2165 
1705 45.0503 
1706 44.8753 
1707 44.6917 
1708 44.5 
1709 44.3004 
1710 44.0932 
1711 43.8786 
1712 43.6571 
1713 43.4288 
1714 43.1941 
1715 42.9534 
1716 42.7069 
1717 42.4549 
1718 42.1977 
1719 41.9357 
1720 41.6691 
1721 41.3983 
1722 41.1236 
1723 40.8453 
1724 40.5638 
1725 40.2793 
1726 39.9922 
1727 39.7028 
1728 39.4114 
1729 39.1184 
1730 38.824 
1731 38.5287 
1732 38.2327 
1733 37.9364 
1734 37.6401 
1735 37.3442 
1736 37.049 
1737 36.7548 
1738 36.462 
1739 36.1709 
1740 35.8818 
1741 35.5952 
1742 35.3113 
1743 35.0305 
1744 34.7532 
1745 34.4797 
1746 34.2103 
1747 33.9455 
1748 33.6856 
1749 33.4308 
1750 33.1817 
1751 32.9385 
1752 32.7011 
1753 32.4697 
1754 32.244 
1755 32.0241 
1756 31.8098 
1757 31.6013 
1758 31.3983 
1759 31.2009 
1760 31.0089 
1761 30.8224 
1762 30.6413 
1763 30.4655 
1764 30.295 
1765 30.1298 
1766 29.9696 
1767 29.8146 
1768 29.6647 
1769 29.5198 
1770 29.3798 
1771 29.2447 
1772 29.1144 
1773 28.9889 
1774 28.8681 
1775 28.752 
1776 28.6405 
1777 28.5336 
1778 28.4311 
1779 28.333 
1780 28.2394 
1781 28.15 
1782 28.0649 
1783 27.984 
1784 27.9072 
1785 27.8345 
1786 27.7657 
1787 27.701 
1788 27.6401 
1789 27.583 
1790 27.5297 
1791 27.4801 
1792 27.4342 
1793 27.3918 
1794 27.3529 
1795 27.3174 
1796 27.2854 
1797 27.2566 
1798 27.2311 
1799 27.2088 
1800 27.1896 
1801 27.1735 
1802 27.1604 
1803 27.1501 
1804 27.1428 
1805 27.1382 
1806 27.1364 
1807 27.1372 
1808 27.1406 
1809 27.1465 
1810 27.1549 
1811 27.1657 
1812 27.1788 
1813 27.1942 
1814 27.2118 
1815 27.2314 
1816 27.2531 
1817 27.2768 
1818 27.3024 
1819 27.3299 
1820 27.3591 
1821 27.39 
1822 27.4225 
1823 27.4566 
1824 27.4921 
1825 27.5291 
1826 27.5674 
1827 27.6069 
1828 27.6477 
1829 27.6896 
1830 27.7325 
1831 27.7763 
1832 27.8211 
1833 27.8667 
1834 27.913 
1835 27.96 
1836 28.0075 
1837 28.0556 
1838 28.1041 
1839 28.153 
1840 28.2022 
1841 28.2515 
1842 28.301 
1843 28.3506 
1844 28.4001 
1845 28.4495 
1846 28.4987 
1847 28.5476 
1848 28.5962 
1849 28.6443 
1850 28.692 
1851 28.739 
1852 28.7855 
1853 28.8312 
1854 28.8763 
1855 28.9207 
1856 28.9643 
1857 29.0071 
1858 29.0491 
1859 29.0902 
1860 29.1305 
1861 29.1698 
1862 29.2082 
1863 29.2456 
1864 29.2819 
1865 29.3172 
1866 29.3514 
1867 29.3845 
1868 29.4165 
1869 29.4472 
1870 29.4767 
1871 29.5049 
1872 29.5319 
1873 29.5575 
1874 29.5817 
1875 29.6045 
1876 29.6259 
1877 29.6458 
1878 29.6642 
1879 29.6811 
1880 29.6964 
1881 29.71 
1882 29.722 
1883 29.7323 
1884 29.7409 
1885 29.7477 
1886 29.7527 
1887 29.7558 
1888 29.7571 
1889 29.7565 
1890 29.7539 
1891 29.7493 
1892 29.7427 
1893 29.7341 
1894 29.7233 
1895 29.7104 
1896 29.6953 
1897 29.678 
1898 29.6584 
1899 29.6366 
1900 29.6124 
1901 29.5858 
1902 29.5569 
1903 29.5257 
1904 29.4922 
1905 29.4564 
1906 29.4183 
1907 29.3781 
1908 29.3356 
1909 29.291 
1910 29.2443 
1911 29.1954 
1912 29.1445 
1913 29.0915 
1914 29.0365 
1915 28.9795 
1916 28.9205 
1917 28.8596 
1918 28.7968 
1919 28.732 
1920 28.6654 
1921 28.597 
1922 28.5268 
1923 28.4548 
1924 28.3811 
1925 28.3056 
1926 28.2285 
1927 28.1497 
1928 28.0693 
1929 27.9872 
1930 27.9036 
1931 27.8185 
1932 27.7319 
1933 27.6437 
1934 27.5542 
1935 27.4632 
1936 27.3708 
1937 27.2771 
1938 27.182 
1939 27.0857 
1940 26.988 
1941 26.8892 
1942 26.7891 
1943 26.6879 
1944 26.5855 
1945 26.482 
1946 26.3775 
1947 26.2719 
1948 26.1653 
1949 26.0577 
1950 25.9492 
1951 25.8397 
1952 25.7293 
1953 25.6181 
1954 25.506 
1955 25.393 
1956 25.2791 
1957 25.1644 
1958 25.0488 
1959 24.9325 
1960 24.8153 
1961 24.6973 
1962 24.5785 
1963 24.4589 
1964 24.3386 
1965 24.2175 
1966 24.0956 
1967 23.973 
1968 23.8497 
1969 23.7257 
1970 23.601 
1971 23.4756 
1972 23.3495 
1973 23.2227 
1974 23.0953 
1975 22.9673 
1976 22.8386 
1977 22.7093 
1978 22.5794 
1979 22.449 
1980 22.3179 
1981 22.1863 
1982 22.0541 
1983 21.9213 
1984 21.7881 
1985 21.6543 
1986 21.52 
1987 21.3853 
1988 21.25 
1989 21.1143 
1990 20.9781 
1991 20.8415 
1992 20.7044 
1993 20.567 
1994 20.4291 
1995 20.2909 
1996 20.1522 
1997 20.0132 
1998 19.8739 
1999 19.7342 
2000 19.5942 
