-16 0.000341858 0 0
-15.992 0.000341885 0 0
-15.984 0.000341913 0 0
-15.976 0.00034194 0 0
-15.968 0.000341968 0 0
-15.96 0.000341996 0 0
-15.952 0.000342024 0 0
-15.944 0.000342053 0 0
-15.936 0.000342082 0 0
-15.928 0.000342111 0 0
-15.92 0.00034214 0 0
-15.912 0.000342169 0 0
-15.904 0.000342199 0 0
-15.896 0.000342229 0 0
-15.888 0.000342259 0 0
-15.88 0.000342289 0 0
-15.872 0.00034232 0 0
-15.864 0.00034235 0 0
-15.856 0.000342382 0 0
-15.848 0.000342413 0 0
-15.84 0.000342444 0 0
-15.832 0.000342476 0 0
-15.824 0.000342508 0 0
-15.816 0.000342541 0 0
-15.808 0.000342573 0 0
-15.8 0.000342606 0 0
-15.792 0.000342639 0 0
-15.784 0.000342673 0 0
-15.776 0.000342706 0 0
-15.768 0.00034274 0 0
-15.76 0.000342775 0 0
-15.752 0.000342809 0 0
-15.744 0.000342844 0 0
-15.736 0.000342879 0 0
-15.728 0.000342914 0 0
-15.72 0.00034295 0 0
-15.712 0.000342986 0 0
-15.704 0.000343022 0 0
-15.696 0.000343058 0 0
-15.688 0.000343095 0 0
-15.68 0.000343132 0 0
-15.672 0.000343169 0 0
-15.664 0.000343207 0 0
-15.656 0.000343245 0 0
-15.648 0.000343283 0 0
-15.64 0.000343322 0 0
-15.632 0.000343361 0 0
-15.624 0.0003434 0 0
-15.616 0.000343439 0 0
-15.608 0.000343479 0 0
-15.6 0.000343519 0 0
-15.592 0.00034356 0 0
-15.584 0.0003436 0 0
-15.576 0.000343642 0 0
-15.568 0.000343683 0 0
-15.56 0.000343725 0 0
-15.552 0.000343767 0 0
-15.544 0.000343809 0 0
-15.536 0.000343852 0 0
-15.528 0.000343895 0 0
-15.52 0.000343939 0 0
-15.512 0.000343982 0 0
-15.504 0.000344027 0 0
-15.496 0.000344071 0 0
-15.488 0.000344116 0 0
-15.48 0.000344161 0 0
-15.472 0.000344207 0 0
-15.464 0.000344253 0 0
-15.456 0.000344299 0 0
-15.448 0.000344346 0 0
-15.44 0.000344393 0 0
-15.432 0.00034444 0 0
-15.424 0.000344488 0 0
-15.416 0.000344536 0 0
-15.408 0.000344585 0 0
-15.4 0.000344634 0 0
-15.392 0.000344683 0 0
-15.384 0.000344733 0 0
-15.376 0.000344783 0 0
-15.368 0.000344834 0 0
-15.36 0.000344885 0 0
-15.352 0.000344936 0 0
-15.344 0.000344988 0 0
-15.336 0.00034504 0 0
-15.328 0.000345093 0 0
-15.32 0.000345146 0 0
-15.312 0.000345199 0 0
-15.304 0.000345253 0 0
-15.296 0.000345307 0 0
-15.288 0.000345362 0 0
-15.28 0.000345417 0 0
-15.272 0.000345473 0 0
-15.264 0.000345529 0 0
-15.256 0.000345585 0 0
-15.248 0.000345642 0 0
-15.24 0.0003457 0 0
-15.232 0.000345758 0 0
-15.224 0.000345816 0 0
-15.216 0.000345875 0 0
-15.208 0.000345934 0 0
-15.2 0.000345994 0 0
-15.192 0.000346054 0 0
-15.184 0.000346115 0 0
-15.176 0.000346176 0 0
-15.168 0.000346238 0 0
-15.16 0.0003463 0 0
-15.152 0.000346363 0 0
-15.144 0.000346426 0 0
-15.136 0.00034649 0 0
-15.128 0.000346554 0 0
-15.12 0.000346618 0 0
-15.112 0.000346684 0 0
-15.104 0.000346749 0 0
-15.096 0.000346816 0 0
-15.088 0.000346883 0 0
-15.08 0.00034695 0 0
-15.072 0.000347018 0 0
-15.064 0.000347086 0 0
-15.056 0.000347155 0 0
-15.048 0.000347225 0 0
-15.04 0.000347295 0 0
-15.032 0.000347365 0 0
-15.024 0.000347437 0 0
-15.016 0.000347508 0 0
-15.008 0.000347581 0 0
-15 0.000347654 0 0
-14.992 0.000347727 0 0
-14.984 0.000347801 0 0
-14.976 0.000347876 0 0
-14.968 0.000347951 0 0
-14.96 0.000348027 0 0
-14.952 0.000348104 0 0
-14.944 0.000348181 0 0
-14.936 0.000348258 0 0
-14.928 0.000348337 0 0
-14.92 0.000348416 0 0
-14.912 0.000348495 0 0
-14.904 0.000348575 0 0
-14.896 0.000348656 0 0
-14.888 0.000348738 0 0
-14.88 0.00034882 0 0
-14.872 0.000348903 0 0
-14.864 0.000348986 0 0
-14.856 0.00034907 0 0
-14.848 0.000349155 0 0
-14.84 0.000349241 0 0
-14.832 0.000349327 0 0
-14.824 0.000349414 0 0
-14.816 0.000349501 0 0
-14.808 0.000349589 0 0
-14.8 0.000349678 0 0
-14.792 0.000349768 0 0
-14.784 0.000349858 0 0
-14.776 0.000349949 0 0
-14.768 0.000350041 0 0
-14.76 0.000350134 0 0
-14.752 0.000350227 0 0
-14.744 0.000350321 0 0
-14.736 0.000350416 0 0
-14.728 0.000350511 0 0
-14.72 0.000350608 0 0
-14.712 0.000350705 0 0
-14.704 0.000350803 0 0
-14.696 0.000350901 0 0
-14.688 0.000351001 0 0
-14.68 0.000351101 0 0
-14.672 0.000351202 0 0
-14.664 0.000351304 0 0
-14.656 0.000351406 0 0
-14.648 0.00035151 0 0
-14.64 0.000351614 0 0
-14.632 0.000351719 0 0
-14.624 0.000351825 0 0
-14.616 0.000351932 0 0
-14.608 0.000352039 0 0
-14.6 0.000352148 0 0
-14.592 0.000352257 0 0
-14.584 0.000352367 0 0
-14.576 0.000352478 0 0
-14.568 0.00035259 0 0
-14.56 0.000352703 0 0
-14.552 0.000352817 0 0
-14.544 0.000352932 0 0
-14.536 0.000353047 0 0
-14.528 0.000353164 0 0
-14.52 0.000353281 0 0
-14.512 0.000353399 0 0
-14.504 0.000353519 0 0
-14.496 0.000353639 0 0
-14.488 0.00035376 0 0
-14.48 0.000353882 0 0
-14.472 0.000354005 0 0
-14.464 0.000354129 0 0
-14.456 0.000354255 0 0
-14.448 0.000354381 0 0
-14.44 0.000354508 0 0
-14.432 0.000354636 0 0
-14.424 0.000354765 0 0
-14.416 0.000354895 0 0
-14.408 0.000355026 0 0
-14.4 0.000355158 0 0
-14.392 0.000355292 0 0
-14.384 0.000355426 0 0
-14.376 0.000355561 0 0
-14.368 0.000355698 0 0
-14.36 0.000355835 0 0
-14.352 0.000355974 0 0
-14.344 0.000356114 0 0
-14.336 0.000356255 0 0
-14.328 0.000356397 0 0
-14.32 0.00035654 0 0
-14.312 0.000356684 0 0
-14.304 0.000356829 0 0
-14.296 0.000356976 0 0
-14.288 0.000357123 0 0
-14.28 0.000357272 0 0
-14.272 0.000357422 0 0
-14.264 0.000357574 0 0
-14.256 0.000357726 0 0
-14.248 0.00035788 0 0
-14.24 0.000358035 0 0
-14.232 0.000358191 0 0
-14.224 0.000358348 0 0
-14.216 0.000358506 0 0
-14.208 0.000358666 0 0
-14.2 0.000358827 0 0
-14.192 0.00035899 0 0
-14.184 0.000359153 0 0
-14.176 0.000359318 0 0
-14.168 0.000359485 0 0
-14.16 0.000359652 0 0
-14.152 0.000359821 0 0
-14.144 0.000359991 0 0
-14.136 0.000360163 0 0
-14.128 0.000360336 0 0
-14.12 0.00036051 0 0
-14.112 0.000360686 0 0
-14.104 0.000360863 0 0
-14.096 0.000361041 0 0
-14.088 0.000361221 0 0
-14.08 0.000361403 0 0
-14.072 0.000361585 0 0
-14.064 0.00036177 0 0
-14.056 0.000361955 0 0
-14.048 0.000362142 0 0
-14.04 0.000362331 0 0
-14.032 0.000362521 0 0
-14.024 0.000362713 0 0
-14.016 0.000362906 0 0
-14.008 0.0003631 0 0
-14 0.000363296 0 0
-13.992 0.000363494 0 0
-13.984 0.000363693 0 0
-13.976 0.000363894 0 0
-13.968 0.000364097 0 0
-13.96 0.000364301 0 0
-13.952 0.000364506 0 0
-13.944 0.000364714 0 0
-13.936 0.000364922 0 0
-13.928 0.000365133 0 0
-13.92 0.000365345 0 0
-13.912 0.000365559 0 0
-13.904 0.000365775 0 0
-13.896 0.000365992 0 0
-13.888 0.000366211 0 0
-13.88 0.000366431 0 0
-13.872 0.000366654 0 0
-13.864 0.000366878 0 0
-13.856 0.000367104 0 0
-13.848 0.000367332 0 0
-13.84 0.000367561 0 0
-13.832 0.000367793 0 0
-13.824 0.000368026 0 0
-13.816 0.000368261 0 0
-13.808 0.000368497 0 0
-13.8 0.000368736 0 0
-13.792 0.000368977 0 0
-13.784 0.000369219 0 0
-13.776 0.000369463 0 0
-13.768 0.00036971 0 0
-13.76 0.000369958 0 0
-13.752 0.000370208 0 0
-13.744 0.00037046 0 0
-13.736 0.000370714 0 0
-13.728 0.00037097 0 0
-13.72 0.000371229 0 0
-13.712 0.000371489 0 0
-13.704 0.000371751 0 0
-13.696 0.000372015 0 0
-13.688 0.000372281 0 0
-13.68 0.00037255 0 0
-13.672 0.00037282 0 0
-13.664 0.000373093 0 0
-13.656 0.000373368 0 0
-13.648 0.000373645 0 0
-13.64 0.000373924 0 0
-13.632 0.000374205 0 0
-13.624 0.000374488 0 0
-13.616 0.000374774 0 0
-13.608 0.000375062 0 0
-13.6 0.000375352 0 0
-13.592 0.000375644 0 0
-13.584 0.000375939 0 0
-13.576 0.000376236 0 0
-13.568 0.000376535 0 0
-13.56 0.000376837 0 0
-13.552 0.000377141 0 0
-13.544 0.000377448 0 0
-13.536 0.000377756 0 0
-13.528 0.000378068 0 0
-13.52 0.000378381 0 0
-13.512 0.000378697 0 0
-13.504 0.000379016 0 0
-13.496 0.000379337 0 0
-13.488 0.00037966 0 0
-13.48 0.000379986 0 0
-13.472 0.000380315 0 0
-13.464 0.000380646 0 0
-13.456 0.00038098 0 0
-13.448 0.000381316 0 0
-13.44 0.000381655 0 0
-13.432 0.000381997 0 0
-13.424 0.000382341 0 0
-13.416 0.000382688 0 0
-13.408 0.000383037 0 0
-13.4 0.00038339 0 0
-13.392 0.000383745 0 0
-13.384 0.000384103 0 0
-13.376 0.000384463 0 0
-13.368 0.000384827 0 0
-13.36 0.000385193 0 0
-13.352 0.000385562 0 0
-13.344 0.000385934 0 0
-13.336 0.000386309 0 0
-13.328 0.000386686 0 0
-13.32 0.000387067 0 0
-13.312 0.00038745 0 0
-13.304 0.000387837 0 0
-13.296 0.000388226 0 0
-13.288 0.000388619 0 0
-13.28 0.000389015 0 0
-13.272 0.000389413 0 0
-13.264 0.000389815 0 0
-13.256 0.00039022 0 0
-13.248 0.000390628 0 0
-13.24 0.000391039 0 0
-13.232 0.000391453 0 0
-13.224 0.00039187 0 0
-13.216 0.000392291 0 0
-13.208 0.000392715 0 0
-13.2 0.000393142 0 0
-13.192 0.000393572 0 0
-13.184 0.000394006 0 0
-13.176 0.000394443 0 0
-13.168 0.000394884 0 0
-13.16 0.000395327 0 0
-13.152 0.000395775 0 0
-13.144 0.000396225 0 0
-13.136 0.00039668 0 0
-13.128 0.000397137 0 0
-13.12 0.000397598 0 0
-13.112 0.000398063 0 0
-13.104 0.000398531 0 0
-13.096 0.000399003 0 0
-13.088 0.000399478 0 0
-13.08 0.000399957 0 0
-13.072 0.00040044 0 0
-13.064 0.000400926 0 0
-13.056 0.000401417 0 0
-13.048 0.00040191 0 0
-13.04 0.000402408 0 0
-13.032 0.000402909 0 0
-13.024 0.000403415 0 0
-13.016 0.000403924 0 0
-13.008 0.000404437 0 0
-13 0.000404954 0 0
-12.992 0.000405474 0 0
-12.984 0.000405999 0 0
-12.976 0.000406528 0 0
-12.968 0.000407061 0 0
-12.96 0.000407597 0 0
-12.952 0.000408138 0 0
-12.944 0.000408683 0 0
-12.936 0.000409232 0 0
-12.928 0.000409786 0 0
-12.92 0.000410343 0 0
-12.912 0.000410905 0 0
-12.904 0.000411471 0 0
-12.896 0.000412041 0 0
-12.888 0.000412615 0 0
-12.88 0.000413194 0 0
-12.872 0.000413777 0 0
-12.864 0.000414365 0 0
-12.856 0.000414957 0 0
-12.848 0.000415553 0 0
-12.84 0.000416154 0 0
-12.832 0.00041676 0 0
-12.824 0.00041737 0 0
-12.816 0.000417984 0 0
-12.808 0.000418603 0 0
-12.8 0.000419227 0 0
-12.792 0.000419856 0 0
-12.784 0.000420489 0 0
-12.776 0.000421127 0 0
-12.768 0.000421769 0 0
-12.76 0.000422417 0 0
-12.752 0.000423069 0 0
-12.744 0.000423726 0 0
-12.736 0.000424389 0 0
-12.728 0.000425056 0 0
-12.72 0.000425728 0 0
-12.712 0.000426404 0 0
-12.704 0.000427086 0 0
-12.696 0.000427774 0 0
-12.688 0.000428466 0 0
-12.68 0.000429163 0 0
-12.672 0.000429865 0 0
-12.664 0.000430573 0 0
-12.656 0.000431286 0 0
-12.648 0.000432004 0 0
-12.64 0.000432727 0 0
-12.632 0.000433456 0 0
-12.624 0.00043419 0 0
-12.616 0.00043493 0 0
-12.608 0.000435675 0 0
-12.6 0.000436425 0 0
-12.592 0.000437181 0 0
-12.584 0.000437942 0 0
-12.576 0.000438709 0 0
-12.568 0.000439482 0 0
-12.56 0.00044026 0 0
-12.552 0.000441044 0 0
-12.544 0.000441834 0 0
-12.536 0.000442629 0 0
-12.528 0.00044343 0 0
-12.52 0.000444237 0 0
-12.512 0.00044505 0 0
-12.504 0.000445869 0 0
-12.496 0.000446693 0 0
-12.488 0.000447524 0 0
-12.48 0.00044836 0 0
-12.472 0.000449203 0 0
-12.464 0.000450052 0 0
-12.456 0.000450906 0 0
-12.448 0.000451767 0 0
-12.44 0.000452634 0 0
-12.432 0.000453508 0 0
-12.424 0.000454387 0 0
-12.416 0.000455273 0 0
-12.408 0.000456165 0 0
-12.4 0.000457064 0 0
-12.392 0.000457969 0 0
-12.384 0.00045888 0 0
-12.376 0.000459798 0 0
-12.368 0.000460722 0 0
-12.36 0.000461653 0 0
-12.352 0.000462591 0 0
-12.344 0.000463535 0 0
-12.336 0.000464486 0 0
-12.328 0.000465443 0 0
-12.32 0.000466407 0 0
-12.312 0.000467378 0 0
-12.304 0.000468356 0 0
-12.296 0.00046934 0 0
-12.288 0.000470332 0 0
-12.28 0.00047133 0 0
-12.272 0.000472335 0 0
-12.264 0.000473347 0 0
-12.256 0.000474367 0 0
-12.248 0.000475393 0 0
-12.24 0.000476426 0 0
-12.232 0.000477467 0 0
-12.224 0.000478514 0 0
-12.216 0.000479569 0 0
-12.208 0.000480631 0 0
-12.2 0.000481701 0 0
-12.192 0.000482777 0 0
-12.184 0.000483861 0 0
-12.176 0.000484953 0 0
-12.168 0.000486051 0 0
-12.16 0.000487157 0 0
-12.152 0.000488271 0 0
-12.144 0.000489392 0 0
-12.136 0.000490521 0 0
-12.128 0.000491657 0 0
-12.12 0.000492801 0 0
-12.112 0.000493952 0 0
-12.104 0.000495112 0 0
-12.096 0.000496279 0 0
-12.088 0.000497453 0 0
-12.08 0.000498636 0 0
-12.072 0.000499826 0 0
-12.064 0.000501024 0 0
-12.056 0.00050223 0 0
-12.048 0.000503443 0 0
-12.04 0.000504665 0 0
-12.032 0.000505895 0 0
-12.024 0.000507132 0 0
-12.016 0.000508378 0 0
-12.008 0.000509631 0 0
-12 0.000510893 0 0
-11.992 0.000512163 0 0
-11.984 0.000513441 0 0
-11.976 0.000514727 0 0
-11.968 0.000516021 0 0
-11.96 0.000517324 0 0
-11.952 0.000518634 0 0
-11.944 0.000519953 0 0
-11.936 0.00052128 0 0
-11.928 0.000522616 0 0
-11.92 0.00052396 0 0
-11.912 0.000525312 0 0
-11.904 0.000526672 0 0
-11.896 0.000528041 0 0
-11.888 0.000529418 0 0
-11.88 0.000530804 0 0
-11.872 0.000532198 0 0
-11.864 0.000533601 0 0
-11.856 0.000535012 0 0
-11.848 0.000536431 0 0
-11.84 0.000537859 0 0
-11.832 0.000539296 0 0
-11.824 0.000540741 0 0
-11.816 0.000542194 0 0
-11.808 0.000543656 0 0
-11.8 0.000545127 0 0
-11.792 0.000546606 0 0
-11.784 0.000548094 0 0
-11.776 0.00054959 0 0
-11.768 0.000551095 0 0
-11.76 0.000552608 0 0
-11.752 0.00055413 0 0
-11.744 0.000555661 0 0
-11.736 0.0005572 0 0
-11.728 0.000558748 0 0
-11.72 0.000560304 0 0
-11.712 0.000561869 0 0
-11.704 0.000563443 0 0
-11.696 0.000565025 0 0
-11.688 0.000566615 0 0
-11.68 0.000568214 0 0
-11.672 0.000569822 0 0
-11.664 0.000571438 0 0
-11.656 0.000573063 0 0
-11.648 0.000574696 0 0
-11.64 0.000576338 0 0
-11.632 0.000577988 0 0
-11.624 0.000579646 0 0
-11.616 0.000581313 0 0
-11.608 0.000582988 0 0
-11.6 0.000584672 0 0
-11.592 0.000586363 0 0
-11.584 0.000588064 0 0
-11.576 0.000589772 0 0
-11.568 0.000591488 0 0
-11.56 0.000593213 0 0
-11.552 0.000594946 0 0
-11.544 0.000596686 0 0
-11.536 0.000598435 0 0
-11.528 0.000600192 0 0
-11.52 0.000601957 0 0
-11.512 0.000603729 0 0
-11.504 0.000605509 0 0
-11.496 0.000607297 0 0
-11.488 0.000609093 0 0
-11.48 0.000610896 0 0
-11.472 0.000612707 0 0
-11.464 0.000614525 0 0
-11.456 0.000616351 0 0
-11.448 0.000618184 0 0
-11.44 0.000620024 0 0
-11.432 0.000621871 0 0
-11.424 0.000623725 0 0
-11.416 0.000625586 0 0
-11.408 0.000627454 0 0
-11.4 0.000629329 0 0
-11.392 0.00063121 0 0
-11.384 0.000633098 0 0
-11.376 0.000634992 0 0
-11.368 0.000636892 0 0
-11.36 0.000638799 0 0
-11.352 0.000640711 0 0
-11.344 0.00064263 0 0
-11.336 0.000644554 0 0
-11.328 0.000646483 0 0
-11.32 0.000648418 0 0
-11.312 0.000650359 0 0
-11.304 0.000652304 0 0
-11.296 0.000654255 0 0
-11.288 0.00065621 0 0
-11.28 0.00065817 0 0
-11.272 0.000660134 0 0
-11.264 0.000662103 0 0
-11.256 0.000664075 0 0
-11.248 0.000666051 0 0
-11.24 0.000668032 0 0
-11.232 0.000670015 0 0
-11.224 0.000672002 0 0
-11.216 0.000673991 0 0
-11.208 0.000675984 0 0
-11.2 0.000677979 0 0
-11.192 0.000679976 0 0
-11.184 0.000681975 0 0
-11.176 0.000683976 0 0
-11.168 0.000685978 0 0
-11.16 0.000687982 0 0
-11.152 0.000689986 0 0
-11.144 0.000691991 0 0
-11.136 0.000693997 0 0
-11.128 0.000696002 0 0
-11.12 0.000698007 0 0
-11.112 0.000700012 0 0
-11.104 0.000702015 0 0
-11.096 0.000704017 0 0
-11.088 0.000706018 0 0
-11.08 0.000708016 0 0
-11.072 0.000710012 0 0
-11.064 0.000712005 0 0
-11.056 0.000713995 0 0
-11.048 0.000715981 0 0
-11.04 0.000717963 0 0
-11.032 0.000719941 0 0
-11.024 0.000721914 0 0
-11.016 0.000723881 0 0
-11.008 0.000725842 0 0
-11 0.000727797 0 0
-10.992 0.000729746 0 0
-10.984 0.000731686 0 0
-10.976 0.000733619 0 0
-10.968 0.000735544 0 0
-10.96 0.00073746 0 0
-10.952 0.000739366 0 0
-10.944 0.000741262 0 0
-10.936 0.000743147 0 0
-10.928 0.000745021 0 0
-10.92 0.000746883 0 0
-10.912 0.000748733 0 0
-10.904 0.000750569 0 0
-10.896 0.000752391 0 0
-10.888 0.000754199 0 0
-10.88 0.000755992 0 0
-10.872 0.000757769 0 0
-10.864 0.000759528 0 0
-10.856 0.000761271 0 0
-10.848 0.000762995 0 0
-10.84 0.0007647 0 0
-10.832 0.000766385 0 0
-10.824 0.000768049 0 0
-10.816 0.000769692 0 0
-10.808 0.000771312 0 0
-10.8 0.000772909 0 0
-10.792 0.000774482 0 0
-10.784 0.000776029 0 0
-10.776 0.00077755 0 0
-10.768 0.000779044 0 0
-10.76 0.00078051 0 0
-10.752 0.000781946 0 0
-10.744 0.000783352 0 0
-10.736 0.000784727 0 0
-10.728 0.000786069 0 0
-10.72 0.000787377 0 0
-10.712 0.000788651 0 0
-10.704 0.000789888 0 0
-10.696 0.000791088 0 0
-10.688 0.000792249 0 0
-10.68 0.000793371 0 0
-10.672 0.000794452 0 0
-10.664 0.000795489 0 0
-10.656 0.000796484 0 0
-10.648 0.000797432 0 0
-10.64 0.000798334 0 0
-10.632 0.000799188 0 0
-10.624 0.000799992 0 0
-10.616 0.000800744 0 0
-10.608 0.000801444 0 0
-10.6 0.000802089 0 0
-10.592 0.000802678 0 0
-10.584 0.000803209 0 0
-10.576 0.00080368 0 0
-10.568 0.00080409 0 0
-10.56 0.000804437 0 0
-10.552 0.000804718 0 0
-10.544 0.000804933 0 0
-10.536 0.000805078 0 0
-10.528 0.000805153 0 0
-10.52 0.000805154 0 0
-10.512 0.000805081 0 0
-10.504 0.00080493 0 0
-10.496 0.0008047 0 0
-10.488 0.000804388 0 0
-10.48 0.000803992 0 0
-10.472 0.00080351 0 0
-10.464 0.000802939 0 0
-10.456 0.000802278 0 0
-10.448 0.000801524 0 0
-10.44 0.000800675 0 0
-10.432 0.000799732 0 0
-10.424 0.000798691 0 0
-10.416 0.000797553 0 0
-10.408 0.000796314 0 0
-10.4 0.000794974 0 0
-10.392 0.000793531 0 0
-10.384 0.000791984 0 0
-10.376 0.000790332 0 0
-10.368 0.000788572 0 0
-10.36 0.000786703 0 0
-10.352 0.000784724 0 0
-10.344 0.000782634 0 0
-10.336 0.00078043 0 0
-10.328 0.000778111 0 0
-10.32 0.000775676 0 0
-10.312 0.000773123 0 0
-10.304 0.00077045 0 0
-10.296 0.000767657 0 0
-10.288 0.000764741 0 0
-10.28 0.000761702 0 0
-10.272 0.000758536 0 0
-10.264 0.000755244 0 0
-10.256 0.000751824 0 0
-10.248 0.000748273 0 0
-10.24 0.000744591 0 0
-10.232 0.000740775 0 0
-10.224 0.000736826 0 0
-10.216 0.00073274 0 0
-10.208 0.000728516 0 0
-10.2 0.000724154 0 0
-10.192 0.000719651 0 0
-10.184 0.000715006 0 0
-10.176 0.000710218 0 0
-10.168 0.000705285 0 0
-10.16 0.000700206 0 0
-10.152 0.000694979 0 0
-10.144 0.000689603 0 0
-10.136 0.000684077 0 0
-10.128 0.000678398 0 0
-10.12 0.000672567 0 0
-10.112 0.000666581 0 0
-10.104 0.00066044 0 0
-10.096 0.000654141 0 0
-10.088 0.000647684 0 0
-10.08 0.000641067 0 0
-10.072 0.00063429 0 0
-10.064 0.000627351 0 0
-10.056 0.000620248 0 0
-10.048 0.000612982 0 0
-10.04 0.00060555 0 0
-10.032 0.000597952 0 0
-10.024 0.000590186 0 0
-10.016 0.000582252 0 0
-10.008 0.000574149 0 0
-10 0.000565875 0 0
-9.992 0.000557431 0 0
-9.984 0.000548814 0 0
-9.976 0.000540025 0 0
-9.968 0.000531063 0 0
-9.96 0.000521926 0 0
-9.952 0.000512615 0 0
-9.944 0.000503128 0 0
-9.936 0.000493466 0 0
-9.928 0.000483628 0 0
-9.92 0.000473613 0 0
-9.912 0.000463421 0 0
-9.904 0.000453052 0 0
-9.896 0.000442506 0 0
-9.888 0.000431782 0 0
-9.88 0.000420881 0 0
-9.872 0.000409803 0 0
-9.864 0.000398547 0 0
-9.856 0.000387114 0 0
-9.848 0.000375504 0 0
-9.84 0.000363718 0 0
-9.832 0.000351756 0 0
-9.824 0.000339618 0 0
-9.816 0.000327306 0 0
-9.808 0.00031482 0 0
-9.8 0.00030216 0 0
-9.792 0.000289329 0 0
-9.784 0.000276327 0 0
-9.776 0.000263155 0 0
-9.768 0.000249814 0 0
-9.76 0.000236307 0 0
-9.752 0.000222634 0 0
-9.744 0.000208797 0 0
-9.736 0.000194799 0 0
-9.728 0.00018064 0 0
-9.72 0.000166324 0 0
-9.712 0.000151853 0 0
-9.704 0.000137229 0 0
-9.696 0.000122454 0 0
-9.688 0.000107532 0 0
-9.68 9.24658e-05 0 0
-9.672 7.72576e-05 0 0
-9.664 6.19112e-05 0 0
-9.656 4.64302e-05 0 0
-9.648 3.08181e-05 0 0
-9.64 1.50788e-05 0 0
-9.632 -7.83626e-07 0 -0
-9.624 -1.67649e-05 0 -0
-9.616 -3.28604e-05 0 -0
-9.608 -4.90657e-05 0 -0
-9.6 -6.53756e-05 0 -0
-9.592 -8.17851e-05 0 -0
-9.584 -9.82887e-05 0 -0
-9.576 -0.000114881 0 -0
-9.568 -0.000131555 0 -0
-9.56 -0.000148307 0 -0
-9.552 -0.000165128 0 -0
-9.544 -0.000182012 0 -0
-9.536 -0.000198953 0 -0
-9.528 -0.000215943 0 -0
-9.52 -0.000232974 0 -0
-9.512 -0.000250039 0 -0
-9.504 -0.00026713 0 -0
-9.496 -0.000284237 0 -0
-9.488 -0.000301353 0 -0
-9.48 -0.000318468 0 -0
-9.472 -0.000335572 0 -0
-9.464 -0.000352655 0 -0
-9.456 -0.000369708 0 -0
-9.448 -0.00038672 0 -0
-9.44 -0.00040368 0 -0
-9.432 -0.000420576 0 -0
-9.424 -0.000437397 0 -0
-9.416 -0.00045413 0 -0
-9.408 -0.000470763 0 -0
-9.4 -0.000487283 0 -0
-9.392 -0.000503676 0 -0
-9.384 -0.000519929 0 -0
-9.376 -0.000536026 0 -0
-9.368 -0.000551954 0 -0
-9.36 -0.000567696 0 -0
-9.352 -0.000583237 0 -0
-9.344 -0.00059856 0 -0
-9.336 -0.000613649 0 -0
-9.328 -0.000628485 0 -0
-9.32 -0.000643052 0 -0
-9.312 -0.00065733 0 -0
-9.304 -0.0006713 0 -0
-9.296 -0.000684943 0 -0
-9.288 -0.000698238 0 -0
-9.28 -0.000711163 0 -0
-9.272 -0.000723699 0 -0
-9.264 -0.000735821 0 -0
-9.256 -0.000747508 0 -0
-9.248 -0.000758735 0 -0
-9.24 -0.000769478 0 -0
-9.232 -0.000779713 0 -0
-9.224 -0.000789413 0 -0
-9.216 -0.000798553 0 -0
-9.208 -0.000807103 0 -0
-9.2 -0.000815038 0 -0
-9.192 -0.000822327 0 -0
-9.184 -0.000828941 0 -0
-9.176 -0.00083485 0 -0
-9.168 -0.000840022 0 -0
-9.16 -0.000844425 0 -0
-9.152 -0.000848025 0 -0
-9.144 -0.00085079 -4.94066e-324 0
-9.136 -0.000852683 -8.05327e-322 0
-9.128 -0.000853669 5.2371e-321 -4.94066e-324
-9.12 -0.000853711 5.84509e-319 -4.99006e-322
-9.112 -0.000852771 -3.73006e-318 3.18178e-321
-9.104 -0.000850826 -4.22969e-316 3.59872e-319
-9.096 -0.000847874 2.65844e-315 -2.25402e-318
-9.088 -0.000843918 3.06072e-313 -2.583e-316
-9.08 -0.00083896 -1.89428e-312 1.58922e-315
-9.072 -0.000833002 -2.21481e-310 1.84494e-313
-9.064 -0.000826048 1.34946e-309 -1.11472e-312
-9.056 -0.000818102 1.60267e-307 -1.31114e-310
-9.048 -0.000809168 -9.61122e-307 7.7771e-310
-9.04 -0.000799253 -1.1597e-304 9.26894e-308
-9.032 -0.000788361 6.84371e-304 -5.39531e-307
-9.024 -0.000776499 8.3916e-302 -6.51607e-305
-9.016 -0.000763676 -4.87189e-301 3.72054e-304
-9.008 -0.000749898 -6.07211e-299 4.55347e-302
-9 -0.000735176 3.46731e-298 -2.54908e-301
-8.992 -0.000719519 4.3937e-296 -3.16135e-299
-8.984 -0.000702937 -2.46703e-295 1.73417e-298
-8.976 -0.000685443 -3.17919e-293 2.17915e-296
-8.968 -0.000667047 1.75484e-292 -1.17056e-295
-8.96 -0.000647764 2.30038e-290 -1.4901e-293
-8.952 -0.000627607 -1.2479e-289 7.8319e-293
-8.944 -0.000606592 -1.66447e-287 1.00966e-290
-8.936 -0.000584734 8.87147e-287 -5.18745e-290
-8.928 -0.000562051 1.20435e-284 -6.76903e-288
-8.92 -0.00053856 -6.30496e-284 3.3956e-287
-8.912 -0.000514281 -8.71407e-282 4.48148e-285
-8.904 -0.000489233 4.47955e-281 -2.19154e-284
-8.896 -0.000463439 6.30503e-279 -2.92199e-282
-8.888 -0.000436919 -3.18162e-278 1.39011e-281
-8.88 -0.000409699 -4.56193e-276 1.86902e-279
-8.872 -0.000381803 2.259e-275 -8.62494e-279
-8.864 -0.000353256 3.3007e-273 -1.16599e-276
-8.856 -0.000324086 -1.60338e-272 5.19634e-276
-8.848 -0.000294322 -2.38814e-270 7.02882e-274
-8.84 -0.000263993 1.13763e-269 -3.00327e-273
-8.832 -0.000233131 1.72786e-267 -4.02818e-271
-8.824 -0.000201768 -8.06877e-267 1.62802e-270
-8.816 -0.000169938 -1.25013e-264 2.12445e-268
-8.808 -0.000137678 5.72065e-264 -7.87606e-268
-8.8 -0.000105023 9.04473e-262 -9.49905e-266
-8.792 -7.2013e-05 -4.05425e-261 2.91958e-265
-8.784 -3.86876e-05 -6.54384e-259 2.53166e-263
-8.776 -5.08884e-06 2.87207e-258 -1.46155e-263
-8.768 2.87399e-05 4.73441e-256 1.36067e-260
-8.76 6.27535e-05 -2.03372e-255 -1.27623e-259
-8.752 9.69051e-05 -3.42527e-253 -3.31926e-257
-8.744 0.000131146 1.43944e-252 1.88776e-256
-8.736 0.000165425 2.4781e-250 4.09941e-254
-8.728 0.000199691 -1.01833e-249 -2.03352e-253
-8.72 0.000233889 -1.79283e-247 -4.19324e-251
-8.712 0.000267963 7.2007e-247 1.92952e-250
-8.704 0.000301854 1.29705e-244 3.9152e-248
-8.696 0.000335503 -5.08905e-244 -1.70739e-247
-8.688 0.000368846 -9.38359e-242 -3.4611e-245
-8.68 0.000401819 3.59473e-241 1.44443e-244
-8.672 0.000434356 6.78856e-239 2.94865e-242
-8.664 0.000466388 -2.53777e-238 -1.18358e-241
-8.656 0.000497842 -4.91113e-236 -2.44497e-239
-8.648 0.000528646 1.79053e-235 9.4656e-239
-8.64 0.000558724 3.55289e-233 1.98509e-236
-8.632 0.000587996 -1.26254e-232 -7.42369e-236
-8.624 0.000616382 -2.57027e-230 -1.58427e-233
-8.616 0.000643799 8.89665e-230 5.72765e-233
-8.608 0.00067016 1.85939e-227 1.24609e-230
-8.6 0.000695375 -6.26486e-227 -4.35643e-230
-8.592 0.000719354 -1.34511e-224 -9.67613e-228
-8.584 0.000742002 4.40843e-224 3.27107e-227
-8.576 0.000763222 9.73067e-222 7.42666e-225
-8.568 0.000782913 -3.09975e-221 -2.42684e-224
-8.56 0.000800973 -7.03919e-219 -5.6382e-222
-8.552 0.000817294 2.17782e-218 1.77992e-221
-8.544 0.000831767 5.09212e-216 4.23546e-219
-8.536 0.00084428 -1.5288e-215 -1.29073e-218
-8.528 0.000854717 -3.68358e-213 -3.14842e-216
-8.52 0.000862959 1.07223e-212 9.25289e-216
-8.512 0.000868883 2.66464e-210 2.31526e-213
-8.504 0.000872363 -7.51294e-210 -6.55401e-213
-8.496 0.000873269 -1.92753e-207 -1.68326e-210
-8.488 0.000871498 5.25885e-207 4.58308e-210
-8.48 0.000867062 1.39432e-204 1.20896e-207
-8.472 0.000860003 -3.67707e-204 -3.16229e-207
-8.464 0.000850368 -1.0086e-201 -8.57678e-205
-8.456 0.000838206 2.56809e-201 2.15259e-204
-8.448 0.000823567 7.29573e-199 6.00852e-202
-8.44 0.000806506 -1.79135e-198 -1.44474e-201
-8.432 0.000787081 -5.27736e-196 -4.15371e-199
-8.424 0.000765352 1.24788e-195 9.55068e-199
-8.416 0.000741383 3.81733e-193 2.8301e-196
-8.408 0.000715239 -8.68047e-193 -6.20861e-196
-8.4 0.000686992 -2.76121e-190 -1.89693e-193
-8.392 0.000656714 6.02895e-190 3.95929e-193
-8.384 0.000624482 1.99726e-187 1.24725e-190
-8.376 0.000590376 -4.18035e-187 -2.46798e-190
-8.368 0.000554481 -1.44466e-184 -8.01037e-188
-8.36 0.000516883 2.8933e-184 1.4955e-187
-8.352 0.000477674 1.04494e-181 4.99142e-185
-8.344 0.000436948 -1.99853e-181 -8.73256e-185
-8.336 0.000394806 -7.55817e-179 -2.98401e-182
-8.328 0.00035135 1.37748e-178 4.83978e-182
-8.32 0.000306687 5.46683e-176 1.67661e-179
-8.312 0.000260928 -9.47159e-176 -2.47141e-179
-8.304 0.00021419 -3.95413e-173 -8.46936e-177
-8.296 0.000166593 6.4955e-173 1.0821e-176
-8.288 0.00011826 2.85997e-170 3.38222e-174
-8.28 6.93224e-05 -4.44148e-170 -3.07894e-174
-8.272 1.99128e-05 -2.06856e-167 -4.1191e-172
-8.264 -2.98296e-05 3.02705e-167 -9.02956e-172
-8.256 -7.97611e-05 1.49614e-164 -1.19334e-168
-8.248 -0.000129733 -2.05546e-164 2.66661e-168
-8.24 -0.000179591 -1.08211e-161 1.94337e-165
-8.232 -0.000229177 1.3899e-161 -3.18533e-165
-8.224 -0.000278325 7.82647e-159 -2.1783e-162
-8.216 -0.000326866 -9.35375e-159 3.05742e-162
-8.208 -0.000374624 -5.66053e-156 2.12057e-159
-8.2 -0.000421417 6.26028e-156 -2.63819e-159
-8.192 -0.000467059 4.09396e-153 -1.91212e-156
-8.184 -0.000511357 -4.16304e-153 2.1288e-156
-8.176 -0.00055411 -2.96092e-150 1.64067e-153
-8.168 -0.000595114 2.74743e-150 -1.63503e-153
-8.16 -0.000634157 2.14144e-147 -1.35801e-150
-8.152 -0.000671019 -1.79673e-147 1.20564e-150
-8.144 -0.000705478 -1.54875e-144 1.09261e-147
-8.136 -0.0007373 1.16197e-144 -8.56722e-148
-8.128 -0.000766247 1.12008e-141 -8.58261e-145
-8.12 -0.000792073 -7.41058e-142 5.86972e-145
-8.112 -0.000814526 -8.1006e-139 6.59815e-142
-8.104 -0.000833345 4.64211e-139 -3.86848e-142
-8.096 -0.000848263 5.85841e-136 -4.96947e-139
-8.088 -0.000859004 -2.83909e-136 2.43879e-139
-8.08 -0.000865286 -4.23681e-133 3.66605e-136
-8.072 -0.000866822 1.6778e-133 -1.45435e-136
-8.064 -0.000863495 3.06388e-130 -2.64564e-133
-8.056 -0.000855429 -9.64392e-131 8.24969e-134
-8.048 -0.000842766 -2.21841e-127 1.8696e-130
-8.04 -0.000825656 1.82344e-128 -1.50554e-131
-8.032 -0.000804256 1.5687e-124 -1.26163e-127
-8.024 -0.00077873 -3.83439e-124 2.98596e-127
-8.016 -0.000749248 -1.51959e-121 1.13855e-124
-8.008 -0.000715989 -3.47821e-120 2.49036e-123
-8 -0.000679138 -2.29038e-118 1.55548e-121
-7.992 -0.000638886 -2.72757e-116 1.74261e-119
-7.984 -0.000595436 -2.27743e-114 1.35606e-117
-7.976 -0.000548994 -1.75048e-112 9.61002e-116
-7.968 -0.000499777 -1.28613e-110 6.42778e-114
-7.96 -0.00044801 -9.24993e-109 4.14406e-112
-7.952 -0.000393924 -6.20547e-107 2.44449e-110
-7.944 -0.000337762 -4.04479e-105 1.36618e-108
-7.936 -0.000279773 -2.47182e-103 6.91549e-107
-7.928 -0.000220217 -1.46986e-101 3.23687e-105
-7.92 -0.00015936 -8.20542e-100 1.30761e-103
-7.912 -9.74797e-05 -4.45706e-98 4.34473e-102
-7.904 -3.48634e-05 -2.27699e-96 7.93836e-101
-7.896 2.81928e-05 -1.13206e-94 -3.1916e-99
-7.888 9.1383e-05 -5.3025e-93 -4.84558e-97
-7.88 0.000154391 -2.41718e-91 -3.7319e-95
-7.872 0.00021689 -1.03984e-89 -2.25531e-93
-7.864 0.000278543 -4.35366e-88 -1.21268e-91
-7.856 0.000339002 -1.72297e-86 -5.84091e-90
-7.848 0.00039791 -6.6362e-85 -2.64061e-88
-7.84 0.000454895 -2.41982e-83 -1.10077e-86
-7.832 0.000509578 -8.58704e-82 -4.37576e-85
-7.824 0.000561565 -2.88926e-80 -1.62251e-83
-7.816 0.000610452 -9.46002e-79 -5.77489e-82
-7.808 0.000655822 -2.94114e-77 -1.92886e-80
-7.8 0.000697246 -8.8972e-76 -6.20354e-79
-7.792 0.000734284 -2.55926e-74 -1.87922e-77
-7.784 0.00076648 -7.16192e-73 -5.48947e-76
-7.776 0.000793368 -1.90826e-71 -1.51395e-74
-7.768 0.000814467 -4.94566e-70 -4.02807e-73
-7.76 0.000829283 -1.2219e-68 -1.0133e-71
-7.752 0.000837308 -2.93579e-67 -2.45816e-70
-7.744 0.000838087 -6.73168e-66 -5.64173e-69
-7.736 0.000831669 -1.50063e-64 -1.24803e-67
-7.728 0.000818348 -3.19564e-63 -2.61514e-66
-7.72 0.000798429 -6.61332e-62 -5.28026e-65
-7.712 0.000772229 -1.30848e-60 -1.01045e-63
-7.704 0.00074008 -2.5145e-59 -1.86093e-62
-7.696 0.000702323 -4.62244e-58 -3.24645e-61
-7.688 0.000659314 -8.24668e-57 -5.43715e-60
-7.68 0.000611422 -1.40772e-55 -8.60713e-59
-7.672 0.000559029 -2.32927e-54 -1.30213e-57
-7.664 0.000502529 -3.68644e-53 -1.85254e-56
-7.656 0.000442334 -5.64452e-52 -2.49676e-55
-7.648 0.000378865 -8.2558e-51 -3.12784e-54
-7.64 0.000312562 -1.16439e-49 -3.63944e-53
-7.632 0.000243876 -1.56362e-48 -3.81331e-52
-7.624 0.000173277 -2.01213e-47 -3.48655e-51
-7.616 0.000101246 -2.44604e-46 -2.47653e-50
-7.608 2.82844e-05 -2.80944e-45 -7.94635e-50
-7.6 -4.50944e-05 -2.98218e-44 1.3448e-48
-7.592 -0.000118359 -2.8622e-43 3.38766e-47
-7.584 -0.000190961 -2.30668e-42 4.40485e-46
-7.576 -0.000262336 -1.20567e-41 3.16291e-45
-7.568 -0.000331901 5.20449e-41 -1.72738e-44
-7.56 -0.000399057 2.92172e-39 -1.16593e-42
-7.552 -0.000463186 5.9147e-38 -2.73961e-41
-7.544 -0.000523652 9.44138e-37 -4.944e-40
-7.536 -0.0005798 1.32143e-35 -7.66168e-39
-7.528 -0.000630956 1.70934e-34 -1.07852e-37
-7.52 -0.000676426 2.06548e-33 -1.39714e-36
-7.512 -0.000715499 2.37794e-32 -1.70141e-35
-7.504 -0.000747439 2.60562e-31 -1.94754e-34
-7.496 -0.000771494 2.75035e-30 -2.12188e-33
-7.488 -0.000786889 2.78609e-29 -2.19234e-32
-7.48 -0.000792841 2.73302e-28 -2.16685e-31
-7.472 -0.00078909 2.58464e-27 -2.03952e-30
-7.464 -0.000776079 2.37389e-26 -1.84233e-29
-7.456 -0.000754317 2.10798e-25 -1.59008e-28
-7.448 -0.00072433 1.82108e-24 -1.31906e-27
-7.44 -0.000686663 1.52391e-23 -1.04641e-26
-7.432 -0.000641882 1.24194e-22 -7.97181e-26
-7.424 -0.00059057 9.81634e-22 -5.79724e-25
-7.416 -0.000533332 7.56006e-21 -4.03202e-24
-7.408 -0.000470793 5.65066e-20 -2.66029e-23
-7.4 -0.000403596 4.11504e-19 -1.66082e-22
-7.392 -0.00033241 2.9084e-18 -9.66783e-22
-7.384 -0.000257922 2.00122e-17 -5.16159e-21
-7.376 -0.000180841 1.3353e-16 -2.41478e-20
-7.368 -0.000101902 8.66261e-16 -8.82735e-20
-7.36 -2.18579e-05 5.43926e-15 -1.18891e-19
-7.352 5.85113e-05 3.3096e-14 1.93649e-18
-7.344 0.000138403 1.94279e-13 2.68888e-17
-7.336 0.000216992 1.10036e-12 2.38769e-16
-7.328 0.000293424 5.98518e-12 1.7562e-15
-7.32 0.000366825 3.12395e-11 1.14594e-14
-7.312 0.000436292 1.55743e-10 6.79493e-14
-7.304 0.000500895 7.40609e-10 3.70968e-13
-7.296 0.000559681 3.34499e-09 1.87213e-12
-7.288 0.000611667 1.43255e-08 8.76242e-12
-7.28 0.000655842 5.79606e-08 3.8013e-11
-7.272 0.000691169 2.21178e-07 1.52871e-10
-7.264 0.000716582 7.93666e-07 5.68727e-10
-7.256 0.000730982 2.67396e-06 1.95462e-09
-7.248 0.000733456 8.43888e-06 6.18955e-09
-7.24 0.000724282 2.49129e-05 1.8044e-08
-7.232 0.000704197 6.867e-05 4.83572e-08
-7.224 0.00067396 0.000176477 1.18938e-07
-7.216 0.000634359 0.000422053 2.67733e-07
-7.208 0.000586206 0.000937327 5.49467e-07
-7.2 0.000530341 0.00192725 1.0221e-06
-7.192 0.00046763 0.00365189 1.70774e-06
-7.184 0.000398969 0.00632895 2.52506e-06
-7.176 0.000325281 0.00989396 3.21832e-06
-7.168 0.000247517 0.0135634 3.35716e-06
-7.16 0.000166659 0.0151884 2.53129e-06
-7.152 8.37195e-05 0.0104889 8.78127e-07
-7.144 -2.59942e-07 -0.00763119 1.98367e-09
-7.136 -8.42056e-05 -0.0493632 4.15666e-06
-7.128 -0.000167012 -0.12754 2.13007e-05
-7.12 -0.000247542 -0.256212 6.34232e-05
-7.112 -0.000324623 -0.448277 0.000145521
-7.104 -0.000397053 -0.712497 0.000282899
-7.096 -0.000463591 -1.05052 0.00048701
-7.088 -0.000522964 -1.45465 0.000760727
-7.08 -0.000573863 -1.90705 0.00109438
-7.072 -0.000614941 -2.38072 0.001464
-7.064 -0.000644818 -2.84216 0.00183268
-7.056 -0.000662071 -3.25537 0.00215529
-7.048 -0.000665529 -3.58628 0.00238678
-7.04 -0.000655598 -3.80698 0.00249585
-7.032 -0.000633263 -3.89883 0.00246898
-7.024 -0.00059954 -3.85426 0.00231079
-7.016 -0.000555481 -3.6769 0.00204245
-7.008 -0.000502169 -3.38031 0.00169749
-7 -0.000440724 -2.98578 0.00131591
-6.992 -0.000372299 -2.5195 0.000938008
-6.984 -0.000298082 -2.00963 0.000599034
-6.976 -0.000219299 -1.48369 0.000325372
-6.968 -0.000137213 -0.966515 0.000132618
-6.96 -5.31226e-05 -0.47878 2.5434e-05
-6.952 3.16327e-05 -0.0362783 -1.14758e-06
-6.944 0.000115676 0.350265 4.05172e-05
-6.936 0.000197589 0.674906 0.000133354
-6.928 0.000275915 0.935872 0.000258221
-6.92 0.000349154 1.13478 0.000396214
-6.912 0.000415764 1.27581 0.000530438
-6.904 0.000474162 1.36487 0.000647167
-6.896 0.000522718 1.40885 0.000736433
-6.888 0.000559761 1.41508 0.000792109
-6.88 0.000583573 1.3908 0.000811633
-6.872 0.000592496 1.34283 0.000795619
-6.864 0.000586451 1.27735 0.000749103
-6.856 0.000566621 1.19978 0.000679821
-6.848 0.000534257 1.11472 0.000595549
-6.84 0.000490653 1.02596 0.00050339
-6.832 0.00043714 0.936518 0.000409389
-6.824 0.000375092 0.84873 0.000318352
-6.816 0.000305923 0.764328 0.000233826
-6.808 0.000231093 0.684527 0.000158189
-6.8 0.000152101 0.610117 9.27992e-05
-6.792 7.04922e-05 0.541545 3.81747e-05
-6.784 -1.21424e-05 0.478987 -5.81607e-06
-6.776 -9.41673e-05 0.422415 -3.97776e-05
-6.768 -0.0001739 0.371647 -6.46294e-05
-6.76 -0.00024961 0.326399 -8.14723e-05
-6.752 -0.000319518 0.286314 -9.14826e-05
-6.744 -0.000381797 0.250997 -9.58301e-05
-6.736 -0.000434569 0.220034 -9.562e-05
-6.728 -0.000475904 0.193009 -9.18537e-05
-6.72 -0.000503821 0.169517 -8.54065e-05
-6.712 -0.000516336 0.149175 -7.70244e-05
-6.704 -0.000512972 0.13162 -6.75174e-05
-6.696 -0.000495043 0.116521 -5.76829e-05
-6.688 -0.000464009 0.103573 -4.80589e-05
-6.68 -0.000421374 0.092502 -3.89779e-05
-6.672 -0.000368686 0.0830609 -3.06233e-05
-6.664 -0.00030754 0.0750298 -2.30747e-05
-6.656 -0.000239581 0.0682135 -1.63427e-05
-6.648 -0.0001665 0.0624394 -1.03961e-05
-6.64 -9.00359e-05 0.0575557 -5.18208e-06
-6.632 -1.19812e-05 0.0534288 -6.40139e-07
-6.624 6.58227e-05 0.0499421 3.28732e-06
-6.616 0.000141482 0.0469936 6.64874e-06
-6.608 0.000213049 0.0444947 9.47956e-06
-6.6 0.000278523 0.0423686 1.18006e-05
-6.592 0.000335849 0.0405487 1.36182e-05
-6.584 0.000382914 0.0389781 1.49253e-05
-6.576 0.000417549 0.0376083 1.57033e-05
-6.568 0.000437527 0.0363982 1.59252e-05
-6.56 0.000441274 0.0353134 1.55829e-05
-6.552 0.000429766 0.0343257 1.4752e-05
-6.544 0.000404602 0.0334121 1.35186e-05
-6.536 0.00036743 0.0325547 1.19616e-05
-6.528 0.000319946 0.0317397 1.0155e-05
-6.52 0.000263897 0.0309571 8.16948e-06
-6.512 0.000201081 0.0302003 6.0727e-06
-6.504 0.000133348 0.0294655 3.92916e-06
-6.496 6.26022e-05 0.0287511 1.79988e-06
-6.488 -9.19941e-06 0.0280577 -2.58115e-07
-6.48 -8.00442e-05 0.0273875 -2.19221e-06
-6.472 -0.000147863 0.0267434 -3.95437e-06
-6.464 -0.000210531 0.0261295 -5.50107e-06
-6.456 -0.000265863 0.0255501 -6.79281e-06
-6.448 -0.000311615 0.0250094 -7.79332e-06
-6.44 -0.000345484 0.0245117 -8.46841e-06
-6.432 -0.000365104 0.0240605 -8.78459e-06
-6.424 -0.000368883 0.0236586 -8.72724e-06
-6.416 -0.000357921 0.0233077 -8.34234e-06
-6.408 -0.000333911 0.0230088 -7.68289e-06
-6.4 -0.000298597 0.0227611 -6.7964e-06
-6.392 -0.000253772 0.0225631 -5.72588e-06
-6.384 -0.000201285 0.0224114 -4.51108e-06
-6.376 -0.000143035 0.0223019 -3.18995e-06
-6.368 -8.0977e-05 0.0222289 -1.80003e-06
-6.36 -1.71215e-05 0.0221858 -3.79854e-07
-6.352 4.64653e-05 0.022165 1.0299e-06
-6.344 0.00010766 0.0221581 2.38553e-06
-6.336 0.000164279 0.0221563 3.63981e-06
-6.328 0.000214082 0.0221503 4.74198e-06
-6.32 0.000254766 0.0221309 5.6382e-06
-6.312 0.000283967 0.022089 6.27256e-06
-6.304 0.000299283 0.0220161 6.58905e-06
-6.296 0.000299792 0.0219042 6.56672e-06
-6.288 0.000286965 0.0217463 6.24043e-06
-6.28 0.000262521 0.0215366 5.65381e-06
-6.272 0.000228234 0.0212705 4.85465e-06
-6.264 0.000185927 0.0209449 3.89422e-06
-6.256 0.000137477 0.0205583 2.82629e-06
-6.248 8.48127e-05 0.0201109 1.70566e-06
-6.24 2.99183e-05 0.0196044 5.8653e-07
-6.232 -2.51667e-05 0.0190423 -4.79233e-07
-6.224 -7.83468e-05 0.0184296 -1.4439e-06
-6.216 -0.000127468 0.0177729 -2.26548e-06
-6.208 -0.00017032 0.0170798 -2.90903e-06
-6.2 -0.00020463 0.0163593 -3.3476e-06
-6.192 -0.000228067 0.0156211 -3.56266e-06
-6.184 -0.000238422 0.0148758 -3.54671e-06
-6.176 -0.000235729 0.014134 -3.3318e-06
-6.168 -0.000221584 0.0134067 -2.97072e-06
-6.16 -0.00019766 0.0127046 -2.51118e-06
-6.152 -0.000165675 0.0120378 -1.99435e-06
-6.144 -0.000127399 0.0114156 -1.45434e-06
-6.136 -8.46527e-05 0.0108466 -9.18193e-07
-6.128 -3.93058e-05 0.0103378 -4.06336e-07
-6.12 6.71858e-06 0.00989498 6.64802e-08
-6.112 5.14445e-05 0.00952222 4.89865e-07
-6.104 9.28419e-05 0.00922193 8.56181e-07
-6.096 0.000128826 0.00899477 1.15876e-06
-6.088 0.000157255 0.00883965 1.39008e-06
-6.08 0.000175932 0.00875371 1.54005e-06
-6.072 0.000183035 0.00873248 1.59835e-06
-6.064 0.000179169 0.00876999 1.57131e-06
-6.056 0.000165827 0.00885894 1.46905e-06
-6.048 0.000144547 0.00899096 1.29962e-06
-6.04 0.000116911 0.0091568 1.07053e-06
-6.032 8.45446e-05 0.00934666 7.9021e-07
-6.024 4.91213e-05 0.00955044 4.6913e-07
-6.016 1.23595e-05 0.00975808 1.20605e-07
-6.008 -2.39744e-05 0.00995983 -2.38781e-07
-6 -5.80655e-05 0.0101465 -5.89162e-07
-5.992 -8.80501e-05 0.0103098 -9.07779e-07
-5.984 -0.000112014 0.0104425 -1.16971e-06
-5.976 -0.000127992 0.0105387 -1.34886e-06
-5.968 -0.000134409 0.0105938 -1.42389e-06
-5.96 -0.00013185 0.0106048 -1.39825e-06
-5.952 -0.000121605 0.0105705 -1.28543e-06
-5.944 -0.000105002 0.0104909 -1.10156e-06
-5.936 -8.34042e-05 0.0103677 -8.64709e-07
-5.928 -5.82154e-05 0.010204 -5.94033e-07
-5.92 -3.0878e-05 0.0100042 -3.08911e-07
-5.912 -2.8741e-06 0.00977367 -2.80905e-08
-5.904 2.42732e-05 0.00951855 2.31046e-07
-5.896 4.89995e-05 0.00924561 4.5303e-07
-5.888 6.96982e-05 0.00896189 6.24627e-07
-5.88 8.47196e-05 0.00867445 7.34895e-07
-5.872 9.25175e-05 0.00839007 7.76229e-07
-5.864 9.31139e-05 0.00811508 7.55627e-07
-5.856 8.75257e-05 0.00785505 6.87519e-07
-5.848 7.68134e-05 0.0076147 5.84911e-07
-5.84 6.20675e-05 0.0073977 4.59157e-07
-5.832 4.44095e-05 0.00720665 3.20044e-07
-5.824 2.4992e-05 0.00704301 1.76019e-07
-5.816 4.9993e-06 0.00690714 3.45309e-08
-5.808 -1.43515e-05 0.00679839 -9.75675e-08
-5.8 -3.18106e-05 0.00671523 -2.13615e-07
-5.792 -4.60942e-05 0.00665536 -3.06774e-07
-5.784 -5.58847e-05 0.00661597 -3.69731e-07
-5.776 -6.02759e-05 0.00659392 -3.97454e-07
-5.768 -5.97496e-05 0.00658592 -3.93506e-07
-5.76 -5.50799e-05 0.00658876 -3.62909e-07
-5.752 -4.70628e-05 0.00659951 -3.10591e-07
-5.744 -3.65168e-05 0.00661561 -2.41581e-07
-5.736 -2.42832e-05 0.00663502 -1.6112e-07
-5.728 -1.12269e-05 0.00665627 -7.47294e-08
-5.72 1.76376e-06 0.00667845 1.17792e-08
-5.712 1.37761e-05 0.00670119 9.23164e-08
-5.704 2.38729e-05 0.00672452 1.60534e-07
-5.696 3.10917e-05 0.00674881 2.09832e-07
-5.688 3.47382e-05 0.00677456 2.35336e-07
-5.68 3.51143e-05 0.00680223 2.38855e-07
-5.672 3.27496e-05 0.00683209 2.23748e-07
-5.664 2.81889e-05 0.00686404 1.93489e-07
-5.656 2.19921e-05 0.00689748 1.5169e-07
-5.648 1.4735e-05 0.00693123 1.02132e-07
-5.64 7.0092e-06 0.00696351 4.88087e-08
-5.632 -5.7763e-07 0.00699196 -4.03876e-09
-5.624 -7.40114e-06 0.00701372 -5.19095e-08
-5.616 -1.28202e-05 0.0070256 -9.00697e-08
-5.608 -1.62036e-05 0.0070243 -1.13819e-07
-5.6 -1.7424e-05 0.00700662 -1.22083e-07
-5.592 -1.68226e-05 0.00696975 -1.17249e-07
-5.584 -1.47671e-05 0.00691153 -1.02063e-07
-5.576 -1.16354e-05 0.00683071 -7.94783e-08
-5.568 -7.81634e-06 0.00672713 -5.25815e-08
-5.56 -3.70906e-06 0.00660189 -2.44868e-08
-5.552 2.76154e-07 0.0064574 1.78324e-09
-5.544 3.71792e-06 0.00629734 2.3413e-08
-5.536 6.1835e-06 0.00612654 3.78835e-08
-5.528 7.24516e-06 0.00595078 4.31143e-08
-5.52 6.84236e-06 0.00577644 3.95245e-08
-5.512 5.29173e-06 0.00561018 2.96876e-08
-5.504 2.93514e-06 0.00545847 1.60214e-08
-5.496 1.23923e-07 0.00532722 6.60163e-10
-5.488 -2.7809e-06 0.00522129 -1.45199e-08
-5.48 -5.40846e-06 0.00514421 -2.78223e-08
-5.472 -7.37789e-06 0.00509784 -3.76113e-08
-5.464 -8.29807e-06 0.00508221 -4.21725e-08
-5.456 -7.76748e-06 0.00509547 -3.9579e-08
-5.448 -5.48627e-06 0.00513396 -2.81663e-08
-5.44 -1.76523e-06 0.00519243 -9.16585e-09
-5.432 2.86418e-06 0.00526436 1.5078e-08
-5.424 7.85567e-06 0.00534238 4.1968e-08
-5.416 1.2648e-05 0.0054188 6.85371e-08
-5.408 1.66647e-05 0.00548611 9.14246e-08
-5.4 1.93138e-05 0.00553748 1.0695e-07
-5.392 1.99875e-05 0.00556727 1.11276e-07
-5.384 1.80619e-05 0.00557136 1.00629e-07
-5.376 1.29862e-05 0.00554743 7.20398e-08
-5.368 5.17289e-06 0.00549509 2.84255e-08
-5.36 -4.35034e-06 0.00541582 -2.35607e-08
-5.352 -1.45188e-05 0.00531281 -7.71358e-08
-5.344 -2.42388e-05 0.00519064 -1.25815e-07
-5.336 -3.23867e-05 0.0050549 -1.63712e-07
-5.328 -3.78089e-05 0.00491171 -1.85706e-07
-5.32 -3.93206e-05 0.0047672 -1.87449e-07
-5.312 -3.57061e-05 0.00462708 -1.65215e-07
-5.304 -2.6033e-05 0.00449622 -1.1705e-07
-5.296 -1.14119e-05 0.00437833 -4.99652e-08
-5.288 6.1838e-06 0.0042758 2.64407e-08
-5.28 2.4724e-05 0.00418964 1.03585e-07
-5.272 4.21232e-05 0.00411953 1.73528e-07
-5.264 5.6239e-05 0.00406409 2.2856e-07
-5.256 6.48717e-05 0.00402109 2.60855e-07
-5.248 6.57625e-05 0.00398787 2.62252e-07
-5.24 5.66283e-05 0.00396162 2.2434e-07
-5.232 3.72619e-05 0.00393977 1.46803e-07
-5.224 1.07963e-05 0.00392023 4.23238e-08
-5.216 -1.92579e-05 0.00390154 -7.51355e-08
-5.208 -4.92935e-05 0.00388297 -1.91405e-07
-5.2 -7.5605e-05 0.00386445 -2.92172e-07
-5.192 -9.43865e-05 0.00384645 -3.63053e-07
-5.184 -0.00010173 0.0038297 -3.89596e-07
-5.176 -9.36276e-05 0.003815 -3.57189e-07
-5.168 -6.83173e-05 0.00380289 -2.59803e-07
-5.16 -3.03164e-05 0.00379347 -1.15004e-07
-5.152 1.46805e-05 0.00378621 5.55834e-08
-5.144 6.08216e-05 0.00377991 2.299e-07
-5.136 0.000102095 0.00377275 3.8518e-07
-5.128 0.000132326 0.00376245 4.97871e-07
-5.12 0.000145174 0.00374651 5.43895e-07
-5.112 0.000134159 0.00372255 4.99412e-07
-5.104 9.72501e-05 0.00368864 3.58721e-07
-5.096 4.1858e-05 0.0036436 1.52514e-07
-5.088 -2.32365e-05 0.00358728 -8.33558e-08
-5.08 -8.90098e-05 0.0035207 -3.13377e-07
-5.072 -0.000146192 0.00344604 -5.03782e-07
-5.064 -0.00018526 0.00336656 -6.23689e-07
-5.056 -0.000196436 0.00328633 -6.45554e-07
-5.048 -0.00017049 0.00320985 -5.47248e-07
-5.04 -0.000110216 0.00314161 -3.46257e-07
-5.032 -2.80344e-05 0.00308567 -8.65047e-08
-5.024 6.30409e-05 0.00304514 1.91968e-07
-5.016 0.000149637 0.00302192 4.5219e-07
-5.008 0.000218015 0.00301637 6.57615e-07
-5 0.000254066 0.00302731 7.69137e-07
-4.992 0.000243356 0.00305205 7.42734e-07
-4.984 0.000180672 0.00308663 5.57667e-07
-4.976 8.11489e-05 0.00312624 2.53691e-07
-4.968 -3.70291e-05 0.00316565 -1.17221e-07
-4.96 -0.000155175 0.00319975 -4.96522e-07
-4.952 -0.00025409 0.00322404 -8.19197e-07
-4.944 -0.000314052 0.00323503 -1.01597e-06
-4.936 -0.000314809 0.00323059 -1.01702e-06
-4.928 -0.000244919 0.00321018 -7.86234e-07
-4.92 -0.000122626 0.00317459 -3.89288e-07
-4.912 2.73148e-05 0.00312617 8.53908e-08
-4.904 0.000179462 0.00306823 5.50632e-07
-4.896 0.000307675 0.00300455 9.24427e-07
-4.888 0.000385101 0.00293963 1.13206e-06
-4.88 0.000384196 0.00287713 1.10538e-06
-4.872 0.000292156 0.00282029 8.23965e-07
-4.864 0.000135089 0.00277214 3.74487e-07
-4.856 -5.40383e-05 0.00273271 -1.47671e-07
-4.848 -0.000241346 0.00270317 -6.524e-07
-4.84 -0.000392022 0.00268291 -1.05176e-06
-4.832 -0.000470303 0.00266754 -1.25455e-06
-4.824 -0.000440637 0.00266026 -1.17221e-06
-4.816 -0.0003019 0.00265482 -8.01491e-07
-4.808 -9.37856e-05 0.00264993 -2.48526e-07
-4.8 0.000140649 0.00264066 3.71406e-07
-4.792 0.000357152 0.0026382 9.4224e-07
-4.784 0.000510256 0.00262876 1.34134e-06
-4.776 0.000553253 0.00261713 1.44794e-06
-4.768 0.000451995 0.00260389 1.17695e-06
-4.76 0.000238808 0.00258726 6.17858e-07
-4.752 -3.25544e-05 0.00256971 -8.36551e-08
-4.744 -0.000306838 0.00255031 -7.82532e-07
-4.736 -0.00052726 0.00252866 -1.33326e-06
-4.728 -0.000635482 0.00250406 -1.59128e-06
-4.72 -0.000576387 0.00247559 -1.4269e-06
-4.712 -0.000362483 0.00244248 -8.85357e-07
-4.704 -5.85495e-05 0.00240427 -1.40769e-07
-4.696 0.000267568 0.00236119 6.31779e-07
-4.688 0.000546141 0.0023142 1.26388e-06
-4.68 0.000705522 0.00226508 1.59806e-06
-4.672 0.000674672 0.00221655 1.49544e-06
-4.664 0.000451318 0.00217138 9.79986e-07
-4.656 0.000111264 0.00213274 2.37298e-07
-4.648 -0.000263543 0.00210357 -5.54379e-07
-4.64 -0.000588872 0.0020845 -1.2275e-06
-4.632 -0.000778167 0.00207686 -1.61614e-06
-4.624 -0.000745988 0.00207943 -1.55123e-06
-4.616 -0.00049158 0.00208801 -1.02642e-06
-4.608 -0.000105462 0.0021033 -2.21817e-07
-4.6 0.000315009 0.00211717 6.66927e-07
-4.592 0.000669761 0.00212629 1.42411e-06
-4.584 0.000855954 0.00212595 1.81971e-06
-4.576 0.000778433 0.00211883 1.64936e-06
-4.568 0.000463987 0.00209787 9.73384e-07
-4.56 2.18181e-05 0.00206741 4.51068e-08
-4.552 -0.000434396 0.00202966 -8.81677e-07
-4.544 -0.000787808 0.00198733 -1.56563e-06
-4.536 -0.000918336 0.00194556 -1.78668e-06
-4.528 -0.000743157 0.00190757 -1.41762e-06
-4.52 -0.000343858 0.0018764 -6.45213e-07
-4.512 0.00015285 0.00185352 2.83311e-07
-4.504 0.000616695 0.00183943 1.13437e-06
-4.496 0.000913772 0.0018328 1.67476e-06
-4.488 0.000911178 0.00183158 1.6689e-06
-4.48 0.000600192 0.00183336 1.10037e-06
-4.472 0.000112188 0.00183564 2.05936e-07
-4.464 -0.000410613 0.00183656 -7.54116e-07
-4.456 -0.000822 0.00183514 -1.50849e-06
-4.448 -0.000971713 0.00183095 -1.77916e-06
-4.44 -0.000768561 0.00182438 -1.40214e-06
-4.432 -0.000320805 0.0018161 -5.82615e-07
-4.424 0.000219976 0.0018062 3.97322e-07
-4.416 0.000697927 0.00179533 1.25301e-06
-4.408 0.000952835 0.00178299 1.6989e-06
-4.4 0.000849409 0.00176846 1.50215e-06
-4.392 0.000454374 0.00175096 7.95593e-07
-4.384 -7.55844e-05 0.00172987 -1.30751e-07
-4.376 -0.000579022 0.00170523 -9.87362e-07
-4.368 -0.000889956 0.00167779 -1.49316e-06
-4.36 -0.000855332 0.00164926 -1.41066e-06
-4.352 -0.000510295 0.00162181 -8.27602e-07
-4.344 -1.00852e-05 0.00159788 -1.61149e-08
-4.336 0.000483901 0.00157957 7.64353e-07
-4.328 0.000805716 0.00156831 1.26361e-06
-4.32 0.000800863 0.00156333 1.25201e-06
-4.312 0.000496574 0.00156394 7.76613e-07
-4.304 4.06547e-05 0.00156749 6.37259e-08
-4.296 -0.00041292 0.00157075 -6.48594e-07
-4.288 -0.00070582 0.00157073 -1.10865e-06
-4.28 -0.000697783 0.00156471 -1.09183e-06
-4.272 -0.000429659 0.00155132 -6.6654e-07
-4.264 -3.44572e-05 0.00153059 -5.274e-08
-4.256 0.000350397 0.00150388 5.26955e-07
-4.248 0.000583585 0.0014737 8.6003e-07
-4.24 0.000559049 0.00144303 8.06723e-07
-4.232 0.000336669 0.00141476 4.76306e-07
-4.224 2.35066e-05 0.00139119 3.27022e-08
-4.216 -0.000270313 0.00137352 -3.71282e-07
-4.208 -0.000432292 0.00136185 -5.88716e-07
-4.2 -0.000409798 0.00135527 -5.55387e-07
-4.192 -0.000258964 0.00135208 -3.5014e-07
-4.184 -4.86443e-05 0.0013505 -6.5694e-08
-4.176 0.000150334 0.0013488 2.02771e-07
-4.168 0.000270506 0.0013457 3.64021e-07
-4.16 0.000297503 0.00134077 3.98883e-07
-4.152 0.00024882 0.00133359 3.31823e-07
-4.144 0.000142873 0.00132456 1.89243e-07
-4.136 -1.347e-06 0.00131368 -1.76952e-09
-4.128 -0.00015812 0.00130205 -2.05881e-07
-4.12 -0.000287683 0.0012891 -3.70851e-07
-4.112 -0.000347412 0.00127508 -4.42979e-07
-4.104 -0.000293482 0.00126015 -3.69832e-07
-4.096 -9.4752e-05 0.00124476 -1.17943e-07
-4.088 0.000183017 0.00122952 2.25023e-07
-4.08 0.000430222 0.00121557 5.22963e-07
-4.072 0.000533967 0.00120402 6.42906e-07
-4.064 0.000384669 0.00119589 4.60022e-07
-4.056 1.3643e-05 0.00119158 1.62567e-08
-4.048 -0.000405705 0.00119072 -4.83081e-07
-4.04 -0.000689081 0.00119211 -8.21459e-07
-4.032 -0.00064867 0.00119381 -7.7439e-07
-4.024 -0.000241204 0.00119362 -2.87906e-07
-4.016 0.000313818 0.00118961 3.73321e-07
-4.008 0.000763736 0.00118056 9.01637e-07
-4 0.000848936 0.00116646 9.90253e-07
-3.992 0.000445801 0.00114839 5.11955e-07
-3.984 -0.00020087 0.00112837 -2.26656e-07
-3.976 -0.000779687 0.00110935 -8.64949e-07
-3.968 -0.000970345 0.00109184 -1.05946e-06
-3.96 -0.000588942 0.00107884 -6.35374e-07
-3.952 0.00010519 0.00107012 1.12566e-07
-3.944 0.000759083 0.00106667 8.09688e-07
-3.936 0.00100969 0.00106298 1.07328e-06
-3.928 0.00064977 0.00106073 6.89229e-07
-3.92 -4.75223e-05 0.00105745 -5.02523e-08
-3.912 -0.000712602 0.00105171 -7.49447e-07
-3.904 -0.000966111 0.00104394 -1.00856e-06
-3.896 -0.00062624 0.00103357 -6.47264e-07
-3.888 2.51794e-05 0.00102163 2.57241e-08
-3.88 0.000634093 0.00100674 6.38365e-07
-3.872 0.000841437 0.000995266 8.37454e-07
-3.864 0.00053856 0.000981956 5.28843e-07
-3.856 -1.04798e-05 0.000969732 -1.01626e-08
-3.848 -0.000504727 0.000956231 -4.82635e-07
-3.84 -0.000652678 0.000951084 -6.20751e-07
-3.832 -0.000433166 0.000939127 -4.06797e-07
-3.824 -4.26178e-05 0.000936012 -3.98908e-08
-3.816 0.00031097 0.00093092 2.89488e-07
-3.808 0.000448566 0.000929795 4.17074e-07
-3.8 0.000378884 0.000927541 3.51431e-07
-3.792 0.000176989 0.000926089 1.63907e-07
-3.784 -7.97716e-05 0.0009211 -7.34776e-08
-3.776 -0.000312875 0.000915117 -2.86318e-07
-3.768 -0.000443612 0.000905862 -4.01851e-07
-3.76 -0.000391209 0.000893479 -3.49537e-07
-3.752 -9.02044e-05 0.000880661 -7.94395e-08
-3.744 0.000336367 0.000866283 2.91389e-07
-3.736 0.000645438 0.00086153 5.56064e-07
-3.728 0.000585749 0.000853065 4.99682e-07
-3.72 7.45284e-05 0.000851807 6.34838e-08
-3.712 -0.000553129 0.000849427 -4.69843e-07
-3.704 -0.000890773 0.000848841 -7.56125e-07
-3.696 -0.00057979 0.000846685 -4.90899e-07
-3.688 0.00017988 0.000842671 1.5158e-07
-3.68 0.000866936 0.000839887 7.28129e-07
-3.672 0.000948117 0.000828119 7.85154e-07
-3.664 0.000294579 0.000819979 2.41549e-07
-3.656 -0.000565412 0.000808082 -4.56899e-07
-3.648 -0.00102997 0.000796363 -8.20231e-07
-3.64 -0.00067366 0.000785849 -5.29395e-07
-3.632 0.000136801 0.000778672 1.06523e-07
-3.624 0.000815355 0.000773357 6.30561e-07
-3.616 0.000822071 0.000769627 6.32688e-07
-3.608 0.000251331 0.000763406 1.91867e-07
-3.6 -0.000418162 0.000759091 -3.17423e-07
-3.592 -0.000702583 0.000755082 -5.30508e-07
-3.584 -0.000477102 0.000750617 -3.58121e-07
-3.576 -1.87226e-05 0.0007452 -1.39521e-08
-3.568 0.000368353 0.000738134 2.71894e-07
-3.56 0.00049431 0.000729849 3.60772e-07
-3.552 0.000381364 0.000720887 2.74921e-07
-3.544 7.46991e-05 0.000711785 5.31697e-08
-3.536 -0.000330059 0.000703411 -2.32167e-07
-3.528 -0.000609103 0.000696596 -4.24299e-07
-3.52 -0.000512228 0.000692002 -3.54463e-07
-3.512 6.02957e-05 0.000689709 4.15865e-08
-3.504 0.000693219 0.000688629 4.7737e-07
-3.496 0.000852739 0.00068763 5.86369e-07
-3.488 0.000223162 0.000685314 1.52936e-07
-3.48 -0.000658115 0.000680665 -4.47956e-07
-3.472 -0.00103881 0.000673656 -6.99801e-07
-3.464 -0.000443282 0.000666423 -2.95413e-07
-3.456 0.000536278 0.000657288 3.52489e-07
-3.448 0.00104536 0.000651218 6.80754e-07
-3.44 0.000560247 0.000646917 3.62433e-07
-3.432 -0.000348343 0.000642642 -2.2386e-07
-3.424 -0.000878262 0.000641005 -5.6297e-07
-3.416 -0.000582465 0.000638167 -3.7171e-07
-3.408 9.7614e-05 0.000633833 6.18709e-08
-3.4 0.000580257 0.00062948 3.6526e-07
-3.392 0.000562152 0.000625528 3.51642e-07
-3.384 0.00021592 0.000621728 1.34244e-07
-3.376 -0.000235889 0.00061946 -1.46124e-07
-3.368 -0.000570587 0.000610175 -3.48158e-07
-3.36 -0.000565601 0.000602242 -3.40629e-07
-3.352 -4.36186e-05 0.000593239 -2.58763e-08
-3.344 0.00065389 0.000589256 3.85309e-07
-3.336 0.000869552 0.000585023 5.08708e-07
-3.328 0.000168262 0.000585544 9.85249e-08
-3.32 -0.00078632 0.0005787 -4.55043e-07
-3.312 -0.00100191 0.00057671 -5.77811e-07
-3.304 -0.000134404 0.000573244 -7.70465e-08
-3.296 0.000858486 0.000567732 4.8739e-07
-3.288 0.000910153 0.000560405 5.10054e-07
-3.28 5.70075e-05 0.000553867 3.15746e-08
-3.272 -0.000743446 0.000548621 -4.0787e-07
-3.264 -0.000707791 0.000544795 -3.85601e-07
-3.256 -0.000109837 0.000542023 -5.95339e-08
-3.248 0.000455004 0.000539868 2.45642e-07
-3.24 0.000617268 0.000537481 3.3177e-07
-3.232 0.000362221 0.000534419 1.93578e-07
-3.224 -0.000248011 0.000531067 -1.3171e-07
-3.216 -0.000778407 0.000527722 -4.10783e-07
-3.208 -0.000609775 0.000524523 -3.19841e-07
-3.2 0.000336636 0.000521128 1.7543e-07
-3.192 0.00105031 0.000517121 5.43138e-07
-3.184 0.000545077 0.000512513 2.79359e-07
-3.176 -0.000617166 0.000507741 -3.1336e-07
-3.168 -0.00105399 0.000503595 -5.30784e-07
-3.16 -0.000246015 0.000500909 -1.23231e-07
-3.152 0.000720313 0.000499076 3.59491e-07
-3.144 0.000766547 0.000497273 3.81183e-07
-3.136 0.000110684 0.000494517 5.4735e-08
-3.128 -0.000510727 0.000490108 -2.50311e-07
-3.12 -0.000663928 0.000484597 -3.21737e-07
-3.112 -0.000283241 0.000479741 -1.35882e-07
-3.104 0.000492846 0.000475433 2.34315e-07
-3.096 0.000914884 0.000473381 4.33089e-07
-3.088 0.000235456 0.000471231 1.10954e-07
-3.08 -0.000870049 0.000467009 -4.0632e-07
-3.072 -0.000930355 0.000462663 -4.30441e-07
-3.064 0.000230612 0.000460888 1.06286e-07
-3.056 0.0010477 0.000458888 4.80777e-07
-3.048 0.000490427 0.000454451 2.22875e-07
-3.04 -0.000495701 0.000450383 -2.23255e-07
-3.032 -0.000763844 0.000446856 -3.41328e-07
-3.024 -0.000310146 0.000446103 -1.38357e-07
-3.016 0.000404311 0.000440219 1.77985e-07
-3.008 0.000823233 0.000440089 3.62296e-07
-3 0.000338267 0.00043933 1.48611e-07
-2.992 -0.000755935 0.000437966 -3.31073e-07
-2.984 -0.00097622 0.000437452 -4.27049e-07
-2.976 0.000213258 0.000434868 9.27389e-08
-2.968 0.00111014 0.000432244 4.79851e-07
-2.96 0.000427012 0.000428098 1.82803e-07
-2.952 -0.000664521 0.000425153 -2.82523e-07
-2.944 -0.000770728 0.000422825 -3.25883e-07
-2.936 -0.000100996 0.000421233 -4.25426e-08
-2.928 0.000632533 0.00041848 2.64702e-07
-2.92 0.000784814 0.00041532 3.25949e-07
-2.912 -0.000111644 0.000413841 -4.62028e-08
-2.904 -0.00107102 0.000413214 -4.42561e-07
-2.896 -0.000496406 0.000411619 -2.0433e-07
-2.888 0.000862026 0.000407161 3.50983e-07
-2.88 0.000877273 0.000405771 3.55972e-07
-2.872 -0.000283786 0.000403323 -1.14457e-07
-2.864 -0.000858281 0.000404311 -3.47012e-07
-2.856 -0.000403804 0.000396749 -1.60209e-07
-2.848 0.000474219 0.00039292 1.8633e-07
-2.84 0.000926343 0.00040159 3.7201e-07
-2.832 7.9268e-05 0.000400821 3.17723e-08
-2.824 -0.00109031 0.000400246 -4.36392e-07
-2.816 -0.00056516 0.000389478 -2.20117e-07
-2.808 0.000834746 0.000365697 3.05264e-07
-2.8 0.000825673 0.000379799 3.1359e-07
-2.792 -0.000246052 0.000398669 -9.80935e-08
-2.784 -0.000835711 0.00040668 -3.39867e-07
-2.776 -0.000458421 0.000392419 -1.79893e-07
-2.768 0.000662672 0.000372529 2.46865e-07
-2.76 0.000993499 0.000378894 3.76431e-07
-2.752 -0.000373125 0.000381152 -1.42217e-07
-2.744 -0.00114395 0.000389284 -4.4532e-07
-2.736 -2.24756e-05 0.000386936 -8.69662e-09
-2.728 0.000912079 0.000374775 3.41825e-07
-2.72 0.000518001 0.000374757 1.94124e-07
-2.712 -0.000507965 0.000375781 -1.90884e-07
-2.704 -0.000995552 0.000375675 -3.74004e-07
-2.696 0.000152582 0.000375055 5.72265e-08
-2.688 0.0012075 0.000373887 4.51467e-07
-2.68 0.000130444 0.000373524 4.87242e-08
-2.672 -0.00100244 0.000371374 -3.7228e-07
-2.664 -0.000485284 0.000374227 -1.81606e-07
-2.656 0.000593861 0.000376452 2.2356e-07
-2.648 0.000936776 0.000376125 3.52345e-07
-2.64 -0.000295353 0.000375622 -1.10941e-07
-2.632 -0.00120241 0.000371874 -4.47146e-07
-2.624 0.00010193 0.000373151 3.80353e-08
-2.616 0.0010601 0.000369856 3.92085e-07
-2.608 0.000254328 0.000369824 9.40567e-08
-2.6 -0.000815584 0.000372392 -3.03717e-07
-2.592 -0.000756742 0.000375064 -2.83827e-07
-2.584 0.000759186 0.000372626 2.82892e-07
-2.576 0.000962141 0.00037445 3.60274e-07
-2.568 -0.000649556 0.000371796 -2.41502e-07
-2.56 -0.000912174 0.000368691 -3.3631e-07
-2.552 0.000215598 0.000372528 8.03162e-08
-2.544 0.00105339 0.000373737 3.93691e-07
-2.536 0.000100685 0.000377832 3.80419e-08
-2.528 -0.0012434 0.00037583 -4.67307e-07
-2.52 -0.000140866 0.000374937 -5.2816e-08
-2.512 0.00102617 0.000377236 3.87108e-07
-2.504 0.000410032 0.000378316 1.55122e-07
-2.496 -0.000900778 0.000379275 -3.41643e-07
-2.488 -0.000723652 0.000380896 -2.75636e-07
-2.48 0.00102223 0.000383105 3.91621e-07
-2.472 0.000659536 0.000383277 2.52785e-07
-2.464 -0.000791504 0.000386815 -3.06165e-07
-2.456 -0.000819376 0.0003878 -3.17754e-07
-2.448 0.000658108 0.000392437 2.58266e-07
-2.44 0.00101936 0.000389491 3.97031e-07
-2.432 -0.000776009 0.000391165 -3.03548e-07
-2.424 -0.000862711 0.000395477 -3.41182e-07
-2.416 0.000529459 0.000396153 2.09746e-07
-2.408 0.0010632 0.000399266 4.245e-07
-2.4 -0.000591907 0.000402742 -2.38386e-07
-2.392 -0.00103392 0.000403896 -4.17596e-07
-2.384 0.000627442 0.000405783 2.54605e-07
-2.376 0.000956932 0.000407864 3.90298e-07
-2.368 -0.000509695 0.000411465 -2.09722e-07
-2.36 -0.00111597 0.000415381 -4.63554e-07
-2.352 0.000744218 0.000418577 3.11512e-07
-2.344 0.000886099 0.000421033 3.73077e-07
-2.336 -0.000614903 0.000424118 -2.60791e-07
-2.328 -0.00103922 0.000427118 -4.4387e-07
-2.32 0.000886527 0.000431258 3.82322e-07
-2.312 0.000777339 0.000436882 3.39606e-07
-2.304 -0.000833124 0.000439015 -3.65755e-07
-2.296 -0.000824896 0.000444151 -3.66378e-07
-2.288 0.00108699 0.000448495 4.87508e-07
-2.28 0.000524843 0.000451681 2.37062e-07
-2.272 -0.00105883 0.000456926 -4.83806e-07
-2.264 -0.000460313 0.000461185 -2.1229e-07
-2.256 0.00128439 0.000473762 6.08495e-07
-2.248 6.93318e-05 0.0004716 3.26969e-08
-2.24 -0.00116591 0.000482924 -5.63044e-07
-2.232 7.35049e-05 0.000478825 3.5196e-08
-2.224 0.00131265 0.000485335 6.37076e-07
-2.216 -0.000555068 0.000477547 -2.65071e-07
-2.208 -0.00101051 0.00050018 -5.05437e-07
-2.2 0.000713009 0.000502553 3.58325e-07
-2.192 0.0009242 0.000499169 4.61333e-07
-2.184 -0.00112035 0.000535627 -6.00089e-07
-2.176 -0.000496589 0.00048576 -2.41223e-07
-2.168 0.00124673 0.00052983 6.60553e-07
-2.16 5.03091e-05 0.000533288 2.68292e-08
-2.152 -0.00122589 0.000491071 -6.02e-07
-2.144 0.000343817 0.000542327 1.86461e-07
-2.136 0.00120979 0.000567704 6.86799e-07
-2.128 -0.000947487 0.000574685 -5.44507e-07
-2.12 -0.000727089 0.000572583 -4.16319e-07
-2.112 0.00120748 0.000587338 7.092e-07
-2.104 0.000186106 0.00060948 1.13428e-07
-2.096 -0.00125514 0.000633696 -7.95378e-07
-2.088 0.000342527 0.000611213 2.09357e-07
-2.08 0.001176 0.000628525 7.39144e-07
-2.072 -0.000993798 0.000633907 -6.29975e-07
-2.064 -0.000667258 0.000702731 -4.68903e-07
-2.056 0.00139218 0.000657135 9.14847e-07
-2.048 -0.000149788 0.000736369 -1.10299e-07
-2.04 -0.00125654 0.000665125 -8.35759e-07
-2.032 0.0008541 0.000714708 6.10432e-07
-2.024 0.000732706 0.00071459 5.23585e-07
-2.016 -0.00125608 0.000701332 -8.80929e-07
-2.008 1.02814e-05 0.00071395 7.34042e-09
-2 0.00125344 0.000728943 9.13688e-07
-1.992 -0.000793825 0.000758927 -6.02455e-07
-1.984 -0.000759874 0.000789347 -5.99804e-07
-1.976 0.00131155 0.000767015 1.00598e-06
-1.968 -0.000123064 0.000790424 -9.7273e-08
-1.96 -0.00124288 0.000802785 -9.97764e-07
-1.952 0.00101104 0.000819141 8.28183e-07
-1.944 0.000515645 0.000834739 4.30429e-07
-1.936 -0.00139712 0.000851142 -1.18915e-06
-1.928 0.000540312 0.000865201 4.67478e-07
-1.92 0.000977285 0.000881301 8.61282e-07
-1.912 -0.0013061 0.000897002 -1.17157e-06
-1.904 7.6656e-05 0.00091712 7.03027e-08
-1.896 0.00123748 0.000933601 1.15532e-06
-1.888 -0.00111661 0.000947832 -1.05836e-06
-1.88 -0.000284549 0.000954603 -2.71631e-07
-1.872 0.00138461 0.000986973 1.36657e-06
-1.864 -0.000946058 0.0010062 -9.51922e-07
-1.856 -0.000582046 0.00103068 -5.99906e-07
-1.848 0.00151466 0.00104407 1.58141e-06
-1.84 -0.000761671 0.00106302 -8.09671e-07
-1.832 -0.000860518 0.00109301 -9.40553e-07
-1.824 0.00151775 0.00111233 1.68824e-06
-1.816 -0.000554711 0.00113871 -6.31654e-07
-1.808 -0.000920827 0.00114672 -1.05593e-06
-1.8 0.0014592 0.00116259 1.69645e-06
-1.792 -0.000583467 0.00122755 -7.16235e-07
-1.784 -0.000930626 0.00122661 -1.14152e-06
-1.776 0.00157284 0.00124385 1.95636e-06
-1.768 -0.000606085 0.00120744 -7.31809e-07
-1.76 -0.000893345 0.00133125 -1.18927e-06
-1.752 0.00151208 0.00133157 2.01345e-06
-1.744 -0.000807768 0.001364 -1.10179e-06
-1.736 -0.000700042 0.00138228 -9.67656e-07
-1.728 0.00160005 0.00142167 2.27475e-06
-1.72 -0.000998328 0.0014664 -1.46394e-06
-1.712 -0.000385659 0.00155001 -5.97775e-07
-1.704 0.00149288 0.00151837 2.26674e-06
-1.696 -0.00134995 0.00154324 -2.08329e-06
-1.688 6.92158e-06 0.00157255 1.08845e-08
-1.68 0.00124496 0.00162273 2.02024e-06
-1.672 -0.00158449 0.00165039 -2.61503e-06
-1.664 0.0005944 0.00170791 1.01518e-06
-1.656 0.000833765 0.00176085 1.46813e-06
-1.648 -0.00161273 0.00175694 -2.83347e-06
-1.64 0.00121597 0.00180745 2.1978e-06
-1.632 0.00015762 0.0018535 2.92149e-07
-1.624 -0.00133697 0.00187848 -2.51147e-06
-1.616 0.00164816 0.00191733 3.16008e-06
-1.608 -0.000696058 0.0019748 -1.37457e-06
-1.6 -0.000645918 0.00202124 -1.30556e-06
-1.592 0.00164077 0.00202827 3.32792e-06
-1.584 -0.00144581 0.00208776 -3.01851e-06
-1.576 0.000389862 0.00215571 8.40429e-07
-1.568 0.000991258 0.00220017 2.18094e-06
-1.56 -0.00169193 0.00225881 -3.82174e-06
-1.552 0.00138215 0.00229939 3.17809e-06
-1.544 -0.000217476 0.00236173 -5.13619e-07
-1.536 -0.00110209 0.0023992 -2.64413e-06
-1.528 0.00171741 0.00246594 4.23502e-06
-1.52 -0.00143413 0.00251488 -3.60667e-06
-1.512 0.000272582 0.0025832 7.04132e-07
-1.504 0.00100605 0.00263215 2.64808e-06
-1.496 -0.0017218 0.00270784 -4.66236e-06
-1.488 0.00159727 0.00271584 4.33791e-06
-1.48 -0.000584836 0.00281002 -1.6434e-06
-1.472 -0.000702682 0.0028904 -2.03103e-06
-1.464 0.00160699 0.00297425 4.77959e-06
-1.456 -0.00178925 0.00302437 -5.41135e-06
-1.448 0.00111828 0.00308735 3.45252e-06
-1.44 9.81014e-05 0.00316028 3.10028e-07
-1.432 -0.00125129 0.00324488 -4.06029e-06
-1.424 0.00182651 0.00328248 5.99548e-06
-1.416 -0.00165441 0.00336375 -5.56504e-06
-1.408 0.000802319 0.00343089 2.75267e-06
-1.4 0.000399806 0.00340543 1.36151e-06
-1.392 -0.00145145 0.00353772 -5.13483e-06
-1.384 0.00193369 0.00369651 7.14789e-06
-1.376 -0.00166075 0.00375973 -6.24399e-06
-1.368 0.000788492 0.00387826 3.05798e-06
-1.36 0.000357279 0.00390298 1.39445e-06
-1.352 -0.00137299 0.00398439 -5.47051e-06
-1.344 0.00191796 0.00410207 7.86763e-06
-1.336 -0.00183665 0.00425719 -7.81896e-06
-1.328 0.00117109 0.00433499 5.07668e-06
-1.32 -0.000137976 0.00439074 -6.05817e-07
-1.312 -0.000937544 0.00463132 -4.34207e-06
-1.304 0.00173232 0.00449008 7.77826e-06
-1.296 -0.00202925 0.0046966 -9.53057e-06
-1.288 0.00176245 0.00482857 8.51011e-06
-1.28 -0.0010201 0.00493179 -5.03093e-06
-1.272 9.47632e-06 0.0050275 4.76422e-08
-1.264 0.00100518 0.00514137 5.16802e-06
-1.256 -0.00177363 0.00537685 -9.53656e-06
-1.248 0.00211987 0.00542913 1.1509e-05
-1.24 -0.00197733 0.00560416 -1.10813e-05
-1.232 0.00139405 0.00608682 8.48534e-06
-1.224 -0.000511527 0.00417146 -2.13381e-06
-1.216 -0.000473774 -0.00308804 1.46303e-06
-1.208 0.00135648 -0.0299162 -4.05807e-05
-1.2 -0.00196664 0.00214288 -4.21426e-06
-1.192 0.00220258 0.00636856 1.40272e-05
-1.184 -0.002043 0.00633232 -1.2937e-05
-1.176 0.00153531 0.00642293 9.86119e-06
-1.168 -0.000771107 0.0070402 -5.42875e-06
-1.16 -0.000128515 0.0074223 -9.53874e-07
-1.152 0.00100831 0.00666386 6.71922e-06
-1.144 -0.00171427 0.00555898 -9.52957e-06
-1.136 0.00216846 0.00720745 1.5629e-05
-1.128 -0.00233711 0.00743624 -1.73793e-05
-1.12 0.00217528 0.00757946 1.64874e-05
-1.112 -0.00172255 0.00787105 -1.35583e-05
-1.104 0.00108062 0.00793482 8.57455e-06
-1.096 -0.000293303 0.00817339 -2.39728e-06
-1.088 -0.000513144 0.00833401 -4.27655e-06
-1.08 0.00126173 0.00846321 1.06783e-05
-1.072 -0.00187519 0.00869817 -1.63107e-05
-1.064 0.00228726 0.00888347 2.03188e-05
-1.056 -0.00248521 0.00939207 -2.33413e-05
-1.048 0.00243851 0.00911302 2.22222e-05
-1.04 -0.00218117 0.00938488 -2.047e-05
-1.032 0.00173822 0.00967119 1.68106e-05
-1.024 -0.00114594 0.00990059 -1.13455e-05
-1.016 0.000481073 0.010129 4.87277e-06
-1.008 0.000227033 0.0103898 2.35882e-06
-1 -0.000916768 0.0105492 -9.67119e-06
-0.992 0.00152985 0.0107808 1.6493e-05
-0.984 -0.00204052 0.0109611 -2.23664e-05
-0.976 0.00242812 0.0112311 2.72706e-05
-0.968 -0.00266615 0.0113965 -3.03847e-05
-0.96 0.00274 0.011721 3.21156e-05
-0.952 -0.00266117 0.0122718 -3.26572e-05
-0.944 0.00244445 0.012385 3.02746e-05
-0.936 -0.00210606 0.0125657 -2.64642e-05
-0.928 0.00166627 0.0128907 2.14795e-05
-0.92 -0.00114916 0.0131067 -1.50617e-05
-0.912 0.000580965 0.0130995 7.61038e-06
-0.904 1.16717e-05 0.0135473 1.5812e-07
-0.896 -0.000603023 0.0139041 -8.38451e-06
-0.888 0.00116922 0.0143144 1.67368e-05
-0.88 -0.00168946 0.0144979 -2.44936e-05
-0.872 0.00214761 0.0147213 3.16157e-05
-0.864 -0.00253274 0.0149836 -3.79495e-05
-0.856 0.00283551 0.0152534 4.32511e-05
-0.848 -0.00304077 0.015696 -4.77277e-05
-0.84 0.0031438 0.0159241 5.00623e-05
-0.832 -0.0031564 0.0162455 -5.12773e-05
-0.824 0.00307126 0.0165689 5.08874e-05
-0.816 -0.00288765 0.0168894 -4.87708e-05
-0.808 0.00262659 0.017242 4.52876e-05
-0.8 -0.00227755 0.0175563 -3.99854e-05
-0.792 0.00186745 0.0179064 3.34393e-05
-0.784 -0.00139235 0.0183037 -2.54852e-05
-0.776 0.000873472 0.0195098 1.70413e-05
-0.768 -0.000321352 0.0193281 -6.21112e-06
-0.76 -0.000254184 0.019345 -4.91719e-06
-0.752 0.000836252 0.0197355 1.65038e-05
-0.744 -0.00140923 0.0199532 -2.81187e-05
-0.736 0.00195848 0.0203997 3.99524e-05
-0.728 -0.00246974 0.0208649 -5.15309e-05
-0.72 0.00292759 0.0212968 6.23484e-05
-0.712 -0.00331635 0.0216101 -7.16667e-05
-0.704 0.00362079 0.0219456 7.94605e-05
-0.696 