1.62039e-27 3.26128e+70
1.62844e-27 3.27682e+70
1.63652e-27 3.29244e+70
1.64465e-27 3.30813e+70
1.65282e-27 3.3239e+70
1.66103e-27 3.33974e+70
1.66928e-27 3.35566e+70
1.67757e-27 3.37165e+70
1.6859e-27 3.38772e+70
1.69427e-27 3.40387e+70
1.70269e-27 3.42009e+70
1.71115e-27 3.43639e+70
1.71964e-27 3.45277e+70
1.72818e-27 3.46923e+70
1.73677e-27 3.48576e+70
1.74539e-27 3.50237e+70
1.75406e-27 3.51907e+70
1.76277e-27 3.53584e+70
1.77153e-27 3.55269e+70
1.78033e-27 3.56962e+70
1.78917e-27 3.58664e+70
1.79805e-27 3.60373e+70
1.80698e-27 3.6209e+70
1.81596e-27 3.63816e+70
1.82498e-27 3.6555e+70
1.83404e-27 3.67292e+70
1.84315e-27 3.69043e+70
1.8523e-27 3.70802e+70
1.8615e-27 3.72569e+70
1.87075e-27 3.74344e+70
1.88004e-27 3.76128e+70
1.88938e-27 3.77921e+70
1.89876e-27 3.79722e+70
1.90819e-27 3.81532e+70
1.91767e-27 3.8335e+70
1.92719e-27 3.85177e+70
1.93676e-27 3.87013e+70
1.94638e-27 3.88857e+70
1.95605e-27 3.9071e+70
1.96576e-27 3.92572e+70
1.97553e-27 3.94443e+70
1.98534e-27 3.96323e+70
1.9952e-27 3.98212e+70
2.00511e-27 4.00109e+70
2.01507e-27 4.02016e+70
2.02507e-27 4.03932e+70
2.03513e-27 4.05857e+70
2.04524e-27 4.07791e+70
2.0554e-27 4.09735e+70
2.06561e-27 4.11687e+70
2.07586e-27 4.13649e+70
2.08617e-27 4.1562e+70
2.09654e-27 4.17601e+70
2.10695e-27 4.19591e+70
2.11741e-27 4.21591e+70
2.12793e-27 4.236e+70
2.1385e-27 4.25618e+70
2.14912e-27 4.27647e+70
2.15979e-27 4.29684e+70
2.17052e-27 4.31732e+70
2.1813e-27 4.33789e+70
2.19213e-27 4.35857e+70
2.20302e-27 4.37933e+70
2.21396e-27 4.4002e+70
2.22496e-27 4.42117e+70
2.23601e-27 4.44224e+70
2.24711e-27 4.46341e+70
2.25827e-27 4.48468e+70
2.26949e-27 4.50605e+70
2.28076e-27 4.52752e+70
2.29209e-27 4.54909e+70
2.30347e-27 4.57077e+70
2.31491e-27 4.59255e+70
2.32641e-27 4.61443e+70
2.33796e-27 4.63642e+70
2.34957e-27 4.65851e+70
2.36124e-27 4.68071e+70
2.37297e-27 4.70302e+70
2.38475e-27 4.72542e+70
2.3966e-27 4.74794e+70
2.4085e-27 4.77056e+70
2.42046e-27 4.7933e+70
2.43248e-27 4.81613e+70
2.44456e-27 4.83908e+70
2.45671e-27 4.86214e+70
2.46891e-27 4.88531e+70
2.48117e-27 4.90858e+70
2.49349e-27 4.93197e+70
2.50588e-27 4.95547e+70
2.51832e-27 4.97908e+70
2.53083e-27 5.00281e+70
2.5434e-27 5.02664e+70
2.55603e-27 5.05059e+70
2.56872e-27 5.07466e+70
2.58148e-27 5.09883e+70
2.5943e-27 5.12313e+70
2.60719e-27 5.14754e+70
2.62014e-27 5.17206e+70
2.63315e-27 5.1967e+70
2.64623e-27 5.22146e+70
2.65937e-27 5.24634e+70
2.67258e-27 5.27133e+70
2.68585e-27 5.29645e+70
2.69919e-27 5.32168e+70
2.71259e-27 5.34704e+70
2.72607e-27 5.37251e+70
2.73961e-27 5.39811e+70
2.75321e-27 5.42382e+70
2.76689e-27 5.44966e+70
2.78063e-27 5.47563e+70
2.79444e-27 5.50171e+70
2.80832e-27 5.52792e+70
2.82226e-27 5.55426e+70
2.83628e-27 5.58072e+70
2.85037e-27 5.6073e+70
2.86452e-27 5.63402e+70
2.87875e-27 5.66086e+70
2.89305e-27 5.68782e+70
2.90742e-27 5.71492e+70
2.92186e-27 5.74214e+70
2.93637e-27 5.7695e+70
2.95095e-27 5.79698e+70
2.96561e-27 5.82459e+70
2.98034e-27 5.85234e+70
2.99514e-27 5.88022e+70
3.01001e-27 5.90823e+70
3.02496e-27 5.93637e+70
3.03999e-27 5.96465e+70
3.05508e-27 5.99306e+70
3.07026e-27 6.02161e+70
3.08551e-27 6.05029e+70
3.10083e-27 6.07911e+70
3.11623e-27 6.10807e+70
3.13171e-27 6.13716e+70
3.14726e-27 6.16639e+70
3.16289e-27 6.19577e+70
3.1786e-27 6.22528e+70
3.19439e-27 6.25493e+70
3.21025e-27 6.28472e+70
3.22619e-27 6.31465e+70
3.24222e-27 6.34473e+70
3.25832e-27 6.37495e+70
3.2745e-27 6.40531e+70
3.29077e-27 6.43582e+70
3.30711e-27 6.46647e+70
3.32353e-27 6.49727e+70
3.34004e-27 6.52821e+70
3.35663e-27 6.5593e+70
3.3733e-27 6.59054e+70
3.39005e-27 6.62193e+70
3.40689e-27 6.65347e+70
3.42381e-27 6.68515e+70
3.44081e-27 6.71699e+70
3.4579e-27 6.74898e+70
3.47508e-27 6.78112e+70
3.49234e-27 6.81341e+70
3.50968e-27 6.84586e+70
3.52711e-27 6.87846e+70
3.54463e-27 6.91121e+70
3.56223e-27 6.94413e+70
3.57993e-27 6.97719e+70
3.59771e-27 7.01042e+70
3.61557e-27 7.0438e+70
3.63353e-27 7.07734e+70
3.65158e-27 7.11104e+70
3.66971e-27 7.1449e+70
3.68794e-27 7.17892e+70
3.70625e-27 7.21311e+70
3.72466e-27 7.24745e+70
3.74316e-27 7.28196e+70
3.76175e-27 7.31663e+70
3.78043e-27 7.35147e+70
3.79921e-27 7.38647e+70
3.81808e-27 7.42164e+70
3.83704e-27 7.45698e+70
3.8561e-27 7.49248e+70
3.87525e-27 7.52815e+70
3.89449e-27 7.56399e+70
3.91384e-27 7.60001e+70
3.93327e-27 7.63619e+70
3.95281e-27 7.67254e+70
3.97244e-27 7.70907e+70
3.99217e-27 7.74577e+70
4.012e-27 7.78264e+70
4.03192e-27 7.81969e+70
4.05195e-27 7.85692e+70
4.07207e-27 7.89432e+70
4.0923e-27 7.9319e+70
4.11262e-27 7.96966e+70
4.13304e-27 8.0076e+70
4.15357e-27 8.04571e+70
4.1742e-27 8.08401e+70
4.19493e-27 8.12249e+70
4.21577e-27 8.16115e+70
4.2367e-27 8.2e+70
4.25775e-27 8.23903e+70
4.27889e-27 8.27825e+70
4.30014e-27 8.31765e+70
4.3215e-27 8.35723e+70
4.34296e-27 8.39701e+70
4.36453e-27 8.43698e+70
4.38621e-27 8.47713e+70
4.40799e-27 8.51747e+70
4.42988e-27 8.55801e+70
4.45189e-27 8.59874e+70
4.474e-27 8.63966e+70
4.49622e-27 8.68078e+70
4.51855e-27 8.72209e+70
4.54099e-27 8.76359e+70
4.56354e-27 8.8053e+70
4.58621e-27 8.8472e+70
4.60898e-27 8.8893e+70
4.63187e-27 8.9316e+70
4.65488e-27 8.9741e+70
4.678e-27 9.0168e+70
4.70123e-27 9.0597e+70
4.72458e-27 9.10281e+70
4.74804e-27 9.14612e+70
4.77162e-27 9.18964e+70
4.79532e-27 9.23336e+70
4.81914e-27 9.27729e+70
4.84307e-27 9.32143e+70
4.86713e-27 9.36577e+70
4.8913e-27 9.41033e+70
4.91559e-27 9.4551e+70
4.94e-27 9.50008e+70
4.96454e-27 9.54527e+70
4.9892e-27 9.59068e+70
5.01397e-27 9.6363e+70
5.03888e-27 9.68214e+70
5.0639e-27 9.7282e+70
5.08905e-27 9.77447e+70
5.11433e-27 9.82097e+70
5.13973e-27 9.86768e+70
5.16525e-27 9.91461e+70
5.19091e-27 9.96177e+70
5.21669e-27 1.00091e+71
5.2426e-27 1.00568e+71
5.26863e-27 1.01046e+71
5.2948e-27 1.01526e+71
5.3211e-27 1.02009e+71
5.34753e-27 1.02494e+71
5.37408e-27 1.02982e+71
5.40077e-27 1.03471e+71
5.4276e-27 1.03964e+71
5.45455e-27 1.04458e+71
5.48164e-27 1.04955e+71
5.50887e-27 1.05454e+71
5.53623e-27 1.05955e+71
5.56372e-27 1.06459e+71
5.59136e-27 1.06965e+71
5.61913e-27 1.07474e+71
5.64703e-27 1.07985e+71
5.67508e-27 1.08498e+71
5.70326e-27 1.09014e+71
5.73159e-27 1.09532e+71
5.76006e-27 1.10053e+71
5.78866e-27 1.10576e+71
5.81741e-27 1.11101e+71
5.84631e-27 1.1163e+71
5.87534e-27 1.1216e+71
5.90452e-27 1.12693e+71
5.93385e-27 1.13229e+71
5.96332e-27 1.13767e+71
5.99293e-27 1.14308e+71
6.0227e-27 1.14851e+71
6.05261e-27 1.15397e+71
6.08267e-27 1.15945e+71
6.11288e-27 1.16496e+71
6.14324e-27 1.1705e+71
6.17375e-27 1.17606e+71
6.20441e-27 1.18165e+71
6.23523e-27 1.18727e+71
6.26619e-27 1.19291e+71
6.29731e-27 1.19857e+71
6.32859e-27 1.20427e+71
6.36002e-27 1.20999e+71
6.39161e-27 1.21574e+71
6.42335e-27 1.22152e+71
6.45525e-27 1.22732e+71
6.48731e-27 1.23315e+71
6.51953e-27 1.23901e+71
6.55191e-27 1.24489e+71
6.58445e-27 1.25081e+71
6.61715e-27 1.25675e+71
6.65002e-27 1.26272e+71
6.68305e-27 1.26871e+71
6.71624e-27 1.27474e+71
6.74959e-27 1.28079e+71
6.78312e-27 1.28688e+71
6.8168e-27 1.29299e+71
6.85066e-27 1.29913e+71
6.88468e-27 1.3053e+71
6.91888e-27 1.31149e+71
6.95324e-27 1.31772e+71
6.98777e-27 1.32398e+71
7.02248e-27 1.33026e+71
7.05735e-27 1.33658e+71
7.0924e-27 1.34293e+71
7.12763e-27 1.3493e+71
7.16303e-27 1.35571e+71
7.1986e-27 1.36214e+71
7.23436e-27 1.36861e+71
7.27029e-27 1.3751e+71
7.30639e-27 1.38163e+71
7.34268e-27 1.38819e+71
7.37915e-27 1.39478e+71
7.4158e-27 1.4014e+71
7.45263e-27 1.40805e+71
7.48964e-27 1.41473e+71
7.52684e-27 1.42144e+71
7.56422e-27 1.42819e+71
7.60179e-27 1.43496e+71
7.63954e-27 1.44177e+71
7.67748e-27 1.44861e+71
7.71562e-27 1.45548e+71
7.75393e-27 1.46239e+71
7.79244e-27 1.46933e+71
7.83115e-27 1.4763e+71
7.87004e-27 1.4833e+71
7.90913e-27 1.49033e+71
7.94841e-27 1.4974e+71
7.98788e-27 1.50451e+71
8.02755e-27 1.51164e+71
8.06742e-27 1.51881e+71
8.10749e-27 1.52601e+71
8.14776e-27 1.53325e+71
8.18822e-27 1.54052e+71
8.22889e-27 1.54782e+71
8.26976e-27 1.55516e+71
8.31083e-27 1.56253e+71
8.35211e-27 1.56994e+71
8.39359e-27 1.57738e+71
8.43527e-27 1.58486e+71
8.47717e-27 1.59237e+71
8.51927e-27 1.59992e+71
8.56158e-27 1.6075e+71
8.6041e-27 1.61512e+71
8.64683e-27 1.62278e+71
8.68978e-27 1.63047e+71
8.73294e-27 1.63819e+71
8.77631e-27 1.64596e+71
8.8199e-27 1.65375e+71
8.8637e-27 1.66159e+71
8.90772e-27 1.66946e+71
8.95196e-27 1.67737e+71
8.99642e-27 1.68532e+71
9.0411e-27 1.6933e+71
9.08601e-27 1.70132e+71
9.13113e-27 1.70938e+71
9.17648e-27 1.71747e+71
9.22206e-27 1.72561e+71
9.26786e-27 1.73378e+71
9.31389e-27 1.74199e+71
9.36015e-27 1.75024e+71
9.40663e-27 1.75852e+71
9.45335e-27 1.76685e+71
9.5003e-27 1.77521e+71
9.54748e-27 1.78362e+71
9.5949e-27 1.79206e+71
9.64256e-27 1.80054e+71
9.69045e-27 1.80906e+71
9.73857e-27 1.81763e+71
9.78694e-27 1.82623e+71
9.83555e-27 1.83487e+71
9.8844e-27 1.84355e+71
9.93349e-27 1.85227e+71
9.98282e-27 1.86104e+71
1.00324e-26 1.86984e+71
1.00822e-26 1.87869e+71
1.01323e-26 1.88757e+71
1.01826e-26 1.8965e+71
1.02332e-26 1.90547e+71
1.0284e-26 1.91448e+71
1.03351e-26 1.92354e+71
1.03864e-26 1.93263e+71
1.0438e-26 1.94177e+71
1.04898e-26 1.95095e+71
1.05419e-26 1.96018e+71
1.05943e-26 1.96944e+71
1.06469e-26 1.97875e+71
1.06998e-26 1.98811e+71
1.07529e-26 1.9975e+71
1.08063e-26 2.00694e+71
1.086e-26 2.01643e+71
1.09139e-26 2.02596e+71
1.09682e-26 2.03553e+71
1.10226e-26 2.04515e+71
1.10774e-26 2.05481e+71
1.11324e-26 2.06452e+71
1.11877e-26 2.07427e+71
1.12432e-26 2.08406e+71
1.12991e-26 2.09391e+71
1.13552e-26 2.1038e+71
1.14116e-26 2.11373e+71
1.14683e-26 2.12371e+71
1.15252e-26 2.13374e+71
1.15825e-26 2.14381e+71
1.164e-26 2.15393e+71
1.16978e-26 2.1641e+71
1.17559e-26 2.17432e+71
1.18143e-26 2.18458e+71
1.1873e-26 2.19489e+71
1.19319e-26 2.20525e+71
1.19912e-26 2.21565e+71
1.20507e-26 2.22611e+71
1.21106e-26 2.23661e+71
1.21707e-26 2.24716e+71
1.22312e-26 2.25776e+71
1.22919e-26 2.26841e+71
1.2353e-26 2.27911e+71
1.24143e-26 2.28985e+71
1.2476e-26 2.30065e+71
1.25379e-26 2.3115e+71
1.26002e-26 2.3224e+71
1.26628e-26 2.33334e+71
1.27257e-26 2.34434e+71
1.27889e-26 2.35539e+71
1.28524e-26 2.36649e+71
1.29162e-26 2.37765e+71
1.29804e-26 2.38885e+71
1.30449e-26 2.40011e+71
1.31096e-26 2.41141e+71
1.31747e-26 2.42277e+71
1.32402e-26 2.43418e+71
1.33059e-26 2.44565e+71
1.3372e-26 2.45717e+71
1.34384e-26 2.46874e+71
1.35052e-26 2.48036e+71
1.35723e-26 2.49204e+71
1.36397e-26 2.50377e+71
1.37074e-26 2.51556e+71
1.37755e-26 2.5274e+71
1.38439e-26 2.53929e+71
1.39127e-26 2.55124e+71
1.39817e-26 2.56325e+71
1.40512e-26 2.57531e+71
1.4121e-26 2.58742e+71
1.41911e-26 2.5996e+71
1.42616e-26 2.61182e+71
1.43324e-26 2.62411e+71
1.44036e-26 2.63645e+71
1.44751e-26 2.64884e+71
1.4547e-26 2.6613e+71
1.46193e-26 2.67381e+71
1.46919e-26 2.68638e+71
1.47648e-26 2.699e+71
1.48382e-26 2.71169e+71
1.49119e-26 2.72443e+71
1.49859e-26 2.73723e+71
1.50604e-26 2.75009e+71
1.51352e-26 2.76301e+71
1.52103e-26 2.77599e+71
1.52859e-26 2.78903e+71
1.53618e-26 2.80212e+71
1.54381e-26 2.81528e+71
1.55148e-26 2.8285e+71
1.55918e-26 2.84178e+71
1.56692e-26 2.85512e+71
1.57471e-26 2.86852e+71
1.58253e-26 2.88198e+71
1.59039e-26 2.8955e+71
1.59829e-26 2.90909e+71
1.60622e-26 2.92273e+71
1.6142e-26 2.93644e+71
1.62222e-26 2.95022e+71
1.63027e-26 2.96405e+71
1.63837e-26 2.97795e+71
1.64651e-26 2.99191e+71
1.65469e-26 3.00594e+71
1.6629e-26 3.02003e+71
1.67116e-26 3.03418e+71
1.67946e-26 3.0484e+71
1.6878e-26 3.06268e+71
1.69619e-26 3.07703e+71
1.70461e-26 3.09144e+71
1.71308e-26 3.10592e+71
1.72158e-26 3.12047e+71
1.73013e-26 3.13508e+71
1.73873e-26 3.14976e+71
1.74736e-26 3.16451e+71
1.75604e-26 3.17932e+71
1.76476e-26 3.1942e+71
1.77353e-26 3.20914e+71
1.78234e-26 3.22416e+71
1.79119e-26 3.23924e+71
1.80008e-26 3.25439e+71
1.80902e-26 3.26961e+71
1.81801e-26 3.2849e+71
1.82704e-26 3.30026e+71
1.83611e-26 3.31569e+71
1.84523e-26 3.33119e+71
1.85439e-26 3.34676e+71
1.8636e-26 3.3624e+71
1.87286e-26 3.37811e+71
1.88216e-26 3.39389e+71
1.89151e-26 3.40974e+71
1.9009e-26 3.42567e+71
1.91034e-26 3.44166e+71
1.91983e-26 3.45773e+71
1.92937e-26 3.47387e+71
1.93895e-26 3.49009e+71
1.94858e-26 3.50637e+71
1.95826e-26 3.52274e+71
1.96798e-26 3.53917e+71
1.97776e-26 3.55568e+71
1.98758e-26 3.57226e+71
1.99745e-26 3.58892e+71
2.00737e-26 3.60565e+71
2.01734e-26 3.62246e+71
2.02736e-26 3.63934e+71
2.03743e-26 3.6563e+71
2.04755e-26 3.67334e+71
2.05772e-26 3.69045e+71
2.06794e-26 3.70764e+71
2.07821e-26 3.72491e+71
2.08853e-26 3.74225e+71
2.0989e-26 3.75967e+71
2.10932e-26 3.77717e+71
2.1198e-26 3.79475e+71
2.13033e-26 3.81241e+71
2.14091e-26 3.83014e+71
2.15154e-26 3.84796e+71
2.16223e-26 3.86585e+71
2.17297e-26 3.88383e+71
2.18376e-26 3.90189e+71
2.1946e-26 3.92002e+71
2.2055e-26 3.93824e+71
2.21646e-26 3.95654e+71
2.22747e-26 3.97492e+71
2.23853e-26 3.99338e+71
2.24965e-26 4.01192e+71
2.26082e-26 4.03055e+71
2.27205e-26 4.04926e+71
2.28333e-26 4.06805e+71
2.29467e-26 4.08692e+71
2.30607e-26 4.10588e+71
2.31752e-26 4.12493e+71
2.32903e-26 4.14406e+71
2.3406e-26 4.16327e+71
2.35222e-26 4.18257e+71
2.36391e-26 4.20195e+71
2.37565e-26 4.22142e+71
2.38744e-26 4.24098e+71
2.3993e-26 4.26062e+71
2.41122e-26 4.28035e+71
2.42319e-26 4.30017e+71
2.43523e-26 4.32007e+71
2.44732e-26 4.34006e+71
2.45948e-26 4.36014e+71
2.47169e-26 4.38031e+71
2.48397e-26 4.40057e+71
2.4963e-26 4.42091e+71
2.5087e-26 4.44135e+71
2.52116e-26 4.46187e+71
2.53368e-26 4.48249e+71
2.54627e-26 4.5032e+71
2.55891e-26 4.52399e+71
2.57162e-26 4.54488e+71
2.58439e-26 4.56586e+71
2.59723e-26 4.58693e+71
2.61013e-26 4.6081e+71
2.62309e-26 4.62935e+71
2.63612e-26 4.6507e+71
2.64921e-26 4.67215e+71
2.66237e-26 4.69368e+71
2.67559e-26 4.71531e+71
2.68888e-26 4.73704e+71
2.70223e-26 4.75886e+71
2.71566e-26 4.78077e+71
2.72914e-26 4.80278e+71
2.7427e-26 4.82489e+71
2.75632e-26 4.84709e+71
2.77001e-26 4.86939e+71
2.78377e-26 4.89178e+71
2.79759e-26 4.91427e+71
2.81148e-26 4.93686e+71
2.82545e-26 4.95955e+71
2.83948e-26 4.98234e+71
2.85358e-26 5.00522e+71
2.86776e-26 5.0282e+71
2.882e-26 5.05128e+71
2.89631e-26 5.07447e+71
2.9107e-26 5.09775e+71
2.92515e-26 5.12113e+71
2.93968e-26 5.14461e+71
2.95428e-26 5.1682e+71
2.96895e-26 5.19188e+71
2.9837e-26 5.21567e+71
2.99852e-26 5.23956e+71
3.01341e-26 5.26355e+71
3.02837e-26 5.28765e+71
3.04342e-26 5.31184e+71
3.05853e-26 5.33615e+71
3.07372e-26 5.36055e+71
3.08899e-26 5.38506e+71
3.10433e-26 5.40968e+71
3.11975e-26 5.4344e+71
3.13524e-26 5.45922e+71
3.15081e-26 5.48415e+71
3.16646e-26 5.50919e+71
3.18219e-26 5.53433e+71
3.19799e-26 5.55958e+71
3.21387e-26 5.58494e+71
3.22983e-26 5.61041e+71
3.24588e-26 5.63598e+71
3.262e-26 5.66166e+71
3.2782e-26 5.68746e+71
3.29448e-26 5.71336e+71
3.31084e-26 5.73937e+71
3.32728e-26 5.76549e+71
3.34381e-26 5.79172e+71
3.36042e-26 5.81806e+71
3.37711e-26 5.84451e+71
3.39388e-26 5.87107e+71
3.41073e-26 5.89775e+71
3.42767e-26 5.92454e+71
3.4447e-26 5.95144e+71
3.4618e-26 5.97845e+71
3.479e-26 6.00557e+71
3.49628e-26 6.03281e+71
3.51364e-26 6.06017e+71
3.53109e-26 6.08764e+71
3.54863e-26 6.11522e+71
3.56625e-26 6.14292e+71
3.58396e-26 6.17073e+71
3.60176e-26 6.19866e+71
3.61965e-26 6.2267e+71
3.63763e-26 6.25487e+71
3.6557e-26 6.28315e+71
3.67385e-26 6.31154e+71
3.6921e-26 6.34006e+71
3.71044e-26 6.36869e+71
3.72886e-26 6.39744e+71
3.74738e-26 6.42631e+71
3.76599e-26 6.4553e+71
3.7847e-26 6.48441e+71
3.80349e-26 6.51364e+71
3.82238e-26 6.54299e+71
3.84137e-26 6.57246e+71
3.86045e-26 6.60205e+71
3.87962e-26 6.63176e+71
3.89889e-26 6.66159e+71
3.91825e-26 6.69155e+71
3.93771e-26 6.72163e+71
3.95727e-26 6.75183e+71
3.97692e-26 6.78215e+71
3.99667e-26 6.8126e+71
4.01652e-26 6.84317e+71
4.03647e-26 6.87387e+71
4.05652e-26 6.90469e+71
4.07667e-26 6.93564e+71
4.09691e-26 6.96671e+71
4.11726e-26 6.99791e+71
4.13771e-26 7.02923e+71
4.15826e-26 7.06068e+71
4.17891e-26 7.09226e+71
4.19966e-26 7.12396e+71
4.22052e-26 7.15579e+71
4.24148e-26 7.18775e+71
4.26255e-26 7.21984e+71
4.28372e-26 7.25206e+71
4.30499e-26 7.2844e+71
4.32637e-26 7.31688e+71
4.34786e-26 7.34948e+71
4.36946e-26 7.38222e+71
4.39116e-26 7.41508e+71
4.41297e-26 7.44808e+71
4.43488e-26 7.48121e+71
4.45691e-26 7.51446e+71
4.47904e-26 7.54786e+71
4.50129e-26 7.58138e+71
4.52364e-26 7.61503e+71
4.54611e-26 7.64882e+71
4.56869e-26 7.68274e+71
4.59138e-26 7.7168e+71
4.61418e-26 7.75099e+71
4.6371e-26 7.78531e+71
4.66013e-26 7.81977e+71
4.68327e-26 7.85436e+71
4.70653e-26 7.88909e+71
4.72991e-26 7.92395e+71
4.7534e-26 7.95895e+71
4.77701e-26 7.99409e+71
4.80073e-26 8.02936e+71
4.82458e-26 8.06477e+71
4.84854e-26 8.10032e+71
4.87262e-26 8.13601e+71
4.89682e-26 8.17183e+71
4.92114e-26 8.20779e+71
4.94558e-26 8.24389e+71
4.97014e-26 8.28013e+71
4.99483e-26 8.31651e+71
5.01963e-26 8.35303e+71
5.04456e-26 8.38969e+71
5.06962e-26 8.42649e+71
5.09479e-26 8.46343e+71
5.1201e-26 8.50051e+71
5.14553e-26 8.53773e+71
5.17108e-26 8.57509e+71
5.19676e-26 8.6126e+71
5.22257e-26 8.65025e+71
5.24851e-26 8.68804e+71
5.27458e-26 8.72597e+71
5.30078e-26 8.76404e+71
5.3271e-26 8.80226e+71
5.35356e-26 8.84063e+71
5.38015e-26 8.87913e+71
5.40687e-26 8.91778e+71
5.43372e-26 8.95658e+71
5.46071e-26 8.99552e+71
5.48783e-26 9.03461e+71
5.51508e-26 9.07384e+71
5.54247e-26 9.11321e+71
5.57e-26 9.15274e+71
5.59766e-26 9.19241e+71
5.62547e-26 9.23222e+71
5.6534e-26 9.27218e+71
5.68148e-26 9.31229e+71
5.7097e-26 9.35255e+71
5.73806e-26 9.39295e+71
5.76655e-26 9.4335e+71
5.79519e-26 9.4742e+71
5.82398e-26 9.51505e+71
5.8529e-26 9.55605e+71
5.88197e-26 9.59719e+71
5.91118e-26 9.63849e+71
5.94054e-26 9.67993e+71
5.97004e-26 9.72152e+71
5.99969e-26 9.76327e+71
6.02949e-26 9.80516e+71
6.05944e-26 9.8472e+71
6.08953e-26 9.8894e+71
6.11978e-26 9.93174e+71
6.15017e-26 9.97424e+71
6.18071e-26 1.00169e+72
6.21141e-26 1.00597e+72
6.24226e-26 1.01026e+72
6.27326e-26 1.01457e+72
6.30442e-26 1.0189e+72
6.33573e-26 1.02324e+72
6.3672e-26 1.02759e+72
6.39882e-26 1.03197e+72
6.4306e-26 1.03635e+72
6.46254e-26 1.04075e+72
6.49463e-26 1.04517e+72
6.52689e-26 1.0496e+72
6.5593e-26 1.05405e+72
6.59188e-26 1.05851e+72
6.62462e-26 1.06299e+72
6.65752e-26 1.06749e+72
6.69059e-26 1.07199e+72
6.72381e-26 1.07652e+72
6.75721e-26 1.08106e+72
6.79077e-26 1.08562e+72
6.82449e-26 1.09019e+72
6.85839e-26 1.09477e+72
6.89245e-26 1.09937e+72
6.92668e-26 1.10399e+72
6.96108e-26 1.10862e+72
6.99566e-26 1.11327e+72
7.0304e-26 1.11794e+72
7.06532e-26 1.12262e+72
7.10041e-26 1.12731e+72
7.13567e-26 1.13202e+72
7.17111e-26 1.13675e+72
7.20673e-26 1.14149e+72
7.24252e-26 1.14625e+72
7.27849e-26 1.15102e+72
7.31464e-26 1.15581e+72
7.35097e-26 1.16061e+72
7.38747e-26 1.16543e+72
7.42416e-26 1.17027e+72
7.46104e-26 1.17512e+72
7.49809e-26 1.17999e+72
7.53533e-26 1.18487e+72
7.57276e-26 1.18977e+72
7.61037e-26 1.19468e+72
7.64816e-26 1.19961e+72
7.68615e-26 1.20455e+72
7.72432e-26 1.20952e+72
7.76268e-26 1.21449e+72
7.80124e-26 1.21948e+72
7.83998e-26 1.22449e+72
7.87892e-26 1.22951e+72
7.91805e-26 1.23455e+72
7.95737e-26 1.23961e+72
7.9969e-26 1.24468e+72
8.03661e-26 1.24976e+72
8.07653e-26 1.25486e+72
8.11664e-26 1.25998e+72
8.15695e-26 1.26511e+72
8.19746e-26 1.27026e+72
8.23817e-26 1.27542e+72
8.27909e-26 1.2806e+72
8.32021e-26 1.2858e+72
8.36153e-26 1.29101e+72
8.40306e-26 1.29623e+72
8.44479e-26 1.30147e+72
8.48673e-26 1.30673e+72
8.52888e-26 1.312e+72
8.57124e-26 1.31729e+72
8.61381e-26 1.32259e+72
8.65659e-26 1.32791e+72
8.69958e-26 1.33325e+72
8.74279e-26 1.33859e+72
8.78621e-26 1.34396e+72
8.82985e-26 1.34934e+72
8.8737e-26 1.35473e+72
8.91777e-26 1.36014e+72
8.96206e-26 1.36557e+72
9.00657e-26 1.37101e+72
9.0513e-26 1.37647e+72
9.09626e-26 1.38194e+72
9.14143e-26 1.38743e+72
9.18684e-26 1.39293e+72
9.23246e-26 1.39845e+72
9.27832e-26 1.40398e+72
9.3244e-26 1.40952e+72
9.37071e-26 1.41509e+72
9.41725e-26 1.42066e+72
9.46402e-26 1.42626e+72
9.51102e-26 1.43186e+72
9.55826e-26 1.43749e+72
9.60573e-26 1.44312e+72
9.65343e-26 1.44877e+72
9.70138e-26 1.45444e+72
9.74956e-26 1.46012e+72
9.79798e-26 1.46582e+72
9.84664e-26 1.47153e+72
9.89555e-26 1.47725e+72
9.94469e-26 1.48299e+72
9.99408e-26 1.48875e+72
1.00437e-25 1.49452e+72
1.00936e-25 1.5003e+72
1.01437e-25 1.5061e+72
1.01941e-25 1.51191e+72
1.02447e-25 1.51773e+72
1.02956e-25 1.52357e+72
1.03468e-25 1.52943e+72
1.03981e-25 1.5353e+72
1.04498e-25 1.54118e+72
1.05017e-25 1.54708e+72
1.05538e-25 1.55299e+72
1.06063e-25 1.55891e+72
1.06589e-25 1.56485e+72
1.07119e-25 1.5708e+72
1.07651e-25 1.57676e+72
1.08185e-25 1.58274e+72
1.08723e-25 1.58874e+72
1.09263e-25 1.59474e+72
1.09805e-25 1.60076e+72
1.10351e-25 1.60679e+72
1.10899e-25 1.61284e+72
1.11449e-25 1.6189e+72
1.12003e-25 1.62497e+72
1.12559e-25 1.63106e+72
1.13118e-25 1.63715e+72
1.1368e-25 1.64326e+72
1.14245e-25 1.64939e+72
1.14812e-25 1.65552e+72
1.15382e-25 1.66167e+72
1.15955e-25 1.66783e+72
1.16531e-25 1.67401e+72
1.1711e-25 1.68019e+72
1.17692e-25 1.68639e+72
1.18276e-25 1.6926e+72
1.18864e-25 1.69883e+72
1.19454e-25 1.70506e+72
1.20047e-25 1.71131e+72
1.20643e-25 1.71756e+72
1.21243e-25 1.72383e+72
1.21845e-25 1.73011e+72
1.2245e-25 1.73641e+72
1.23058e-25 1.74271e+72
1.23669e-25 1.74903e+72
1.24283e-25 1.75535e+72
1.24901e-25 1.76169e+72
1.25521e-25 1.76804e+72
1.26144e-25 1.7744e+72
1.26771e-25 1.78076e+72
1.274e-25 1.78714e+72
1.28033e-25 1.79353e+72
1.28669e-25 1.79993e+72
1.29308e-25 1.80634e+72
1.2995e-25 1.81276e+72
1.30596e-25 1.81919e+72
1.31244e-25 1.82563e+72
1.31896e-25 1.83208e+72
1.32551e-25 1.83854e+72
1.3321e-25 1.84501e+72
1.33871e-25 1.85149e+72
1.34536e-25 1.85797e+72
1.35204e-25 1.86447e+72
1.35876e-25 1.87097e+72
1.3655e-25 1.87749e+72
1.37229e-25 1.88401e+72
1.3791e-25 1.89054e+72
1.38595e-25 1.89707e+72
1.39283e-25 1.90362e+72
1.39975e-25 1.91017e+72
1.4067e-25 1.91673e+72
1.41369e-25 1.9233e+72
1.42071e-25 1.92987e+72
1.42777e-25 1.93646e+72
1.43486e-25 1.94305e+72
1.44198e-25 1.94964e+72
1.44915e-25 1.95624e+72
1.45634e-25 1.96285e+72
1.46358e-25 1.96947e+72
1.47085e-25 1.97609e+72
1.47815e-25 1.98272e+72
1.48549e-25 1.98935e+72
1.49287e-25 1.99599e+72
1.50028e-25 2.00263e+72
1.50774e-25 2.00928e+72
1.51522e-25 2.01593e+72
1.52275e-25 2.02259e+72
1.53031e-25 2.02925e+72
1.53791e-25 2.03592e+72
1.54555e-25 2.04259e+72
1.55323e-25 2.04926e+72
1.56094e-25 2.05594e+72
1.56869e-25 2.06262e+72
1.57648e-25 2.0693e+72
1.58431e-25 2.07599e+72
1.59218e-25 2.08268e+72
1.60009e-25 2.08937e+72
1.60804e-25 2.09607e+72
1.61602e-25 2.10276e+72
1.62405e-25 2.10946e+72
1.63211e-25 2.11616e+72
1.64022e-25 2.12286e+72
1.64837e-25 2.12956e+72
1.65655e-25 2.13626e+72
1.66478e-25 2.14297e+72
1.67305e-25 2.14967e+72
1.68136e-25 2.15637e+72
1.68971e-25 2.16307e+72
1.6981e-25 2.16977e+72
1.70653e-25 2.17648e+72
1.71501e-25 2.18318e+72
1.72353e-25 2.18987e+72
1.73209e-25 2.19657e+72
1.74069e-25 2.20326e+72
1.74933e-25 2.20996e+72
1.75802e-25 2.21665e+72
1.76675e-25 2.22333e+72
1.77553e-25 2.23002e+72
1.78435e-25 2.2367e+72
1.79321e-25 2.24337e+72
1.80211e-25 2.25005e+72
1.81106e-25 2.25671e+72
1.82006e-25 2.26338e+72
1.8291e-25 2.27003e+72
1.83818e-25 2.27669e+72
1.84731e-25 2.28333e+72
1.85649e-25 2.28998e+72
1.86571e-25 2.29661e+72
1.87497e-25 2.30324e+72
1.88429e-25 2.30986e+72
1.89364e-25 2.31647e+72
1.90305e-25 2.32308e+72
1.9125e-25 2.32968e+72
1.922e-25 2.33627e+72
1.93154e-25 2.34285e+72
1.94114e-25 2.34942e+72
1.95078e-25 2.35598e+72
1.96047e-25 2.36253e+72
1.9702e-25 2.36907e+72
1.97999e-25 2.3756e+72
1.98982e-25 2.38212e+72
1.9997e-25 2.38863e+72
2.00964e-25 2.39513e+72
2.01962e-25 2.40161e+72
2.02965e-25 2.40809e+72
2.03973e-25 2.41454e+72
2.04986e-25 2.42099e+72
2.06004e-25 2.42742e+72
2.07027e-25 2.43384e+72
2.08055e-25 2.44024e+72
2.09088e-25 2.44663e+72
2.10127e-25 2.453e+72
2.1117e-25 2.45936e+72
2.12219e-25 2.4657e+72
2.13273e-25 2.47203e+72
2.14332e-25 2.47833e+72
2.15397e-25 2.48462e+72
2.16467e-25 2.49089e+72
2.17542e-25 2.49714e+72
2.18622e-25 2.50338e+72
2.19708e-25 2.50959e+72
2.20799e-25 2.51579e+72
2.21896e-25 2.52196e+72
2.22998e-25 2.52811e+72
2.24105e-25 2.53424e+72
2.25218e-25 2.54035e+72
2.26337e-25 2.54644e+72
2.27461e-25 2.55251e+72
2.28591e-25 2.55855e+72
2.29726e-25 2.56457e+72
2.30867e-25 2.57056e+72
2.32014e-25 2.57653e+72
2.33166e-25 2.58247e+72
2.34324e-25 2.58839e+72
2.35488e-25 2.59428e+72
2.36657e-25 2.60015e+72
2.37833e-25 2.60598e+72
2.39014e-25 2.61179e+72
2.40201e-25 2.61758e+72
2.41394e-25 2.62333e+72
2.42593e-25 2.62905e+72
2.43798e-25 2.63474e+72
2.45008e-25 2.64041e+72
2.46225e-25 2.64604e+72
2.47448e-25 2.65164e+72
2.48677e-25 2.65721e+72
2.49912e-25 2.66274e+72
2.51153e-25 2.66825e+72
2.52401e-25 2.67371e+72
2.53654e-25 2.67915e+72
2.54914e-25 2.68455e+72
2.5618e-25 2.68991e+72
2.57452e-25 2.69524e+72
2.58731e-25 2.70053e+72
2.60016e-25 2.70578e+72
2.61307e-25 2.711e+72
2.62605e-25 2.71618e+72
2.63909e-25 2.72132e+72
2.6522e-25 2.72641e+72
2.66537e-25 2.73147e+72
2.67861e-25 2.73649e+72
2.69191e-25 2.74147e+72
2.70528e-25 2.7464e+72
2.71872e-25 2.75129e+72
2.73222e-25 2.75614e+72
2.74579e-25 2.76095e+72
2.75943e-25 2.76571e+72
2.77313e-25 2.77042e+72
2.78691e-25 2.77509e+72
2.80075e-25 2.77971e+72
2.81466e-25 2.78429e+72
2.82864e-25 2.78882e+72
2.84268e-25 2.7933e+72
2.8568e-25 2.79773e+72
2.87099e-25 2.80211e+72
2.88525e-25 2.80644e+72
2.89958e-25 2.81072e+72
2.91398e-25 2.81495e+72
2.92845e-25 2.81913e+72
2.943e-25 2.82325e+72
2.95761e-25 2.82733e+72
2.9723e-25 2.83134e+72
2.98706e-25 2.8353e+72
3.0019e-25 2.83921e+72
3.01681e-25 2.84306e+72
3.03179e-25 2.84686e+72
3.04685e-25 2.85059e+72
3.06198e-25 2.85427e+72
3.07719e-25 2.85789e+72
3.09247e-25 2.86145e+72
3.10783e-25 2.86496e+72
3.12327e-25 2.8684e+72
3.13878e-25 2.87178e+72
3.15437e-25 2.87509e+72
3.17003e-25 2.87835e+72
3.18578e-25 2.88154e+72
3.2016e-25 2.88467e+72
3.2175e-25 2.88773e+72
3.23348e-25 2.89073e+72
3.24954e-25 2.89366e+72
3.26568e-25 2.89653e+72
3.2819e-25 2.89933e+72
3.2982e-25 2.90206e+72
3.31458e-25 2.90472e+72
3.33104e-25 2.90732e+72
3.34758e-25 2.90984e+72
3.36421e-25 2.9123e+72
3.38092e-25 2.91468e+72
3.39771e-25 2.91699e+72
3.41458e-25 2.91923e+72
3.43154e-25 2.9214e+72
3.44858e-25 2.92349e+72
3.46571e-25 2.92551e+72
3.48292e-25 2.92745e+72
3.50022e-25 2.92932e+72
3.5176e-25 2.93111e+72
3.53508e-25 2.93283e+72
3.55263e-25 2.93447e+72
3.57028e-25 2.93603e+72
3.58801e-25 2.93751e+72
3.60583e-25 2.93892e+72
3.62374e-25 2.94024e+72
3.64173e-25 2.94149e+72
3.65982e-25 2.94265e+72
3.678e-25 2.94374e+72
3.69626e-25 2.94474e+72
3.71462e-25 2.94566e+72
3.73307e-25 2.94649e+72
3.75161e-25 2.94724e+72
3.77024e-25 2.94791e+72
3.78897e-25 2.9485e+72
3.80779e-25 2.949e+72
3.8267e-25 2.94941e+72
3.8457e-25 2.94974e+72
3.8648e-25 2.94998e+72
3.884e-25 2.95013e+72
3.90329e-25 2.9502e+72
3.92267e-25 2.95018e+72
3.94215e-25 2.95007e+72
3.96173e-25 2.94987e+72
3.98141e-25 2.94959e+72
4.00118e-25 2.94921e+72
4.02105e-25 2.94874e+72
4.04103e-25 2.94819e+72
4.0611e-25 2.94754e+72
4.08126e-25 2.9468e+72
4.10153e-25 2.94597e+72
4.1219e-25 2.94505e+72
4.14238e-25 2.94404e+72
4.16295e-25 2.94293e+72
4.18362e-25 2.94173e+72
4.2044e-25 2.94044e+72
4.22528e-25 2.93905e+72
4.24627e-25 2.93757e+72
4.26736e-25 2.936e+72
4.28855e-25 2.93433e+72
4.30985e-25 2.93257e+72
4.33126e-25 2.93071e+72
4.35277e-25 2.92876e+72
4.37439e-25 2.92672e+72
4.39611e-25 2.92458e+72
4.41794e-25 2.92234e+72
4.43989e-25 2.92001e+72
4.46194e-25 2.91758e+72
4.4841e-25 2.91506e+72
4.50637e-25 2.91244e+72
4.52875e-25 2.90973e+72
4.55124e-25 2.90692e+72
4.57384e-25 2.90402e+72
4.59656e-25 2.90102e+72
4.61939e-25 2.89792e+72
4.64233e-25 2.89473e+72
4.66539e-25 2.89144e+72
4.68856e-25 2.88806e+72
4.71184e-25 2.88458e+72
4.73525e-25 2.88101e+72
4.75876e-25 2.87734e+72
4.7824e-25 2.87358e+72
4.80615e-25 2.86973e+72
4.83002e-25 2.86577e+72
4.85401e-25 2.86173e+72
4.87812e-25 2.85759e+72
4.90234e-25 2.85336e+72
4.92669e-25 2.84903e+72
4.95116e-25 2.84461e+72
4.97575e-25 2.8401e+72
5.00046e-25 2.8355e+72
5.0253e-25 2.8308e+72
5.05025e-25 2.82602e+72
5.07534e-25 2.82114e+72
5.10054e-25 2.81617e+72
5.12587e-25 2.81111e+72
5.15133e-25 2.80596e+72
5.17692e-25 2.80073e+72
5.20263e-25 2.7954e+72
5.22847e-25 2.78999e+72
5.25443e-25 2.78449e+72
5.28053e-25 2.77891e+72
5.30676e-25 2.77324e+72
5.33311e-25 2.76748e+72
5.3596e-25 2.76164e+72
5.38622e-25 2.75572e+72
5.41297e-25 2.74971e+72
5.43985e-25 2.74363e+72
5.46687e-25 2.73746e+72
5.49402e-25 2.73121e+72
5.52131e-25 2.72488e+72
5.54873e-25 2.71847e+72
5.57629e-25 2.71199e+72
5.60398e-25 2.70543e+72
5.63181e-25 2.6988e+72
5.65978e-25 2.69209e+72
5.68789e-25 2.6853e+72
5.71614e-25 2.67845e+72
5.74453e-25 2.67152e+72
5.77306e-25 2.66453e+72
5.80173e-25 2.65746e+72
5.83055e-25 2.65033e+72
5.8595e-25 2.64313e+72
5.88861e-25 2.63587e+72
5.91785e-25 2.62854e+72
5.94724e-25 2.62115e+72
5.97678e-25 2.6137e+72
6.00646e-25 2.60619e+72
6.0363e-25 2.59862e+72
6.06627e-25 2.591e+72
6.0964e-25 2.58331e+72
6.12668e-25 2.57558e+72
6.15711e-25 2.56779e+72
6.18769e-25 2.55995e+72
6.21842e-25 2.55206e+72
6.2493e-25 2.54412e+72
6.28034e-25 2.53613e+72
6.31153e-25 2.5281e+72
6.34288e-25 2.52003e+72
6.37438e-25 2.51191e+72
6.40604e-25 2.50376e+72
6.43785e-25 2.49556e+72
6.46983e-25 2.48733e+72
6.50196e-25 2.47906e+72
6.53425e-25 2.47076e+72
6.5667e-25 2.46242e+72
6.59932e-25 2.45406e+72
6.63209e-25 2.44567e+72
6.66503e-25 2.43725e+72
6.69813e-25 2.4288e+72
6.7314e-25 2.42034e+72
6.76483e-25 2.41185e+72
6.79843e-25 2.40334e+72
6.83219e-25 2.39481e+72
6.86613e-25 2.38627e+72
6.90023e-25 2.37771e+72
6.9345e-25 2.36914e+72
6.96894e-25 2.36056e+72
7.00355e-25 2.35198e+72
7.03833e-25 2.34338e+72
7.07329e-25 2.33478e+72
7.10842e-25 2.32618e+72
7.14372e-25 2.31758e+72
7.1792e-25 2.30897e+72
7.21486e-25 2.30037e+72
7.25069e-25 2.29178e+72
7.2867e-25 2.28319e+72
7.32289e-25 2.27461e+72
7.35926e-25 2.26604e+72
7.39581e-25 2.25748e+72
7.43254e-25 2.24893e+72
7.46945e-25 2.2404e+72
7.50655e-25 2.2319e+72
7.54383e-25 2.22341e+72
7.5813e-25 2.21494e+72
7.61895e-25 2.20649e+72
7.65679e-25 2.19807e+72
7.69482e-25 2.18967e+72
7.73304e-25 2.1813e+72
7.77144e-25 2.17296e+72
7.81004e-25 2.16465e+72
7.84883e-25 2.15638e+72
7.88781e-25 2.14814e+72
7.92698e-25 2.13994e+72
7.96635e-25 2.13178e+72
8.00592e-25 2.12366e+72
8.04568e-25 2.11558e+72
8.08564e-25 2.10755e+72
8.1258e-25 2.09956e+72
8.16615e-25 2.09161e+72
8.20671e-25 2.08372e+72
8.24747e-25 2.07587e+72
8.28843e-25 2.06807e+72
8.32959e-25 2.06033e+72
8.37096e-25 2.05264e+72
8.41254e-25 2.04501e+72
8.45432e-25 2.03743e+72
8.49631e-25 2.0299e+72
8.5385e-25 2.02244e+72
8.58091e-25 2.01504e+72
8.62353e-25 2.0077e+72
8.66636e-25 2.00041e+72
8.7094e-25 1.9932e+72
8.75265e-25 1.98604e+72
8.79612e-25 1.97895e+72
8.83981e-25 1.97193e+72
8.88371e-25 1.96497e+72
8.92783e-25 1.95808e+72
8.97217e-25 1.95126e+72
9.01674e-25 1.9445e+72
9.06152e-25 1.93782e+72
9.10652e-25 1.9312e+72
9.15175e-25 1.92466e+72
9.1972e-25 1.91818e+72
9.24288e-25 1.91178e+72
9.28878e-25 1.90544e+72
9.33492e-25 1.89918e+72
9.38128e-25 1.89298e+72
9.42787e-25 1.88686e+72
9.47469e-25 1.88081e+72
9.52175e-25 1.87483e+72
9.56904e-25 1.86892e+72
9.61657e-25 1.86309e+72
9.66433e-25 1.85732e+72
9.71232e-25 1.85162e+72
9.76056e-25 1.84599e+72
9.80904e-25 1.84043e+72
9.85775e-25 1.83494e+72
9.90671e-25 1.82951e+72
9.95591e-25 1.82415e+72
1.00054e-24 1.81886e+72
1.00551e-24 1.81363e+72
1.0105e-24 1.80847e+72
1.01552e-24 1.80336e+72
1.02056e-24 1.79832e+72
1.02563e-24 1.79334e+72
1.03072e-24 1.78842e+72
1.03584e-24 1.78356e+72
1.04099e-24 1.77875e+72
1.04616e-24 1.774e+72
1.05135e-24 1.76929e+72
1.05657e-24 1.76464e+72
1.06182e-24 1.76003e+72
1.0671e-24 1.75547e+72
1.0724e-24 1.75095e+72
1.07772e-24 1.74648e+72
1.08307e-24 1.74204e+72
1.08845e-24 1.73765e+72
1.09386e-24 1.73329e+72
1.09929e-24 1.72896e+72
1.10475e-24 1.72466e+72
1.11024e-24 1.72039e+72
1.11575e-24 1.71614e+72
1.12129e-24 1.71192e+72
1.12686e-24 1.70771e+72
1.13246e-24 1.70352e+72
1.13808e-24 1.69934e+72
1.14374e-24 1.69517e+72
1.14942e-24 1.69101e+72
1.15512e-24 1.68685e+72
1.16086e-24 1.68269e+72
1.16663e-24 1.67853e+72
1.17242e-24 1.67436e+72
1.17824e-24 1.67018e+72
1.1841e-24 1.66599e+72
1.18998e-24 1.66178e+72
1.19589e-24 1.65755e+72
1.20183e-24 1.65329e+72
1.20779e-24 1.64901e+72
1.21379e-24 1.6447e+72
1.21982e-24 1.64035e+72
1.22588e-24 1.63596e+72
1.23197e-24 1.63153e+72
1.23809e-24 1.62705e+72
1.24424e-24 1.62253e+72
1.25042e-24 1.61795e+72
1.25663e-24 1.61331e+72
1.26287e-24 1.60862e+72
1.26914e-24 1.60385e+72
1.27544e-24 1.59903e+72
1.28178e-24 1.59413e+72
1.28814e-24 1.58915e+72
1.29454e-24 1.5841e+72
1.30097e-24 1.57897e+72
1.30743e-24 1.57376e+72
1.31392e-24 1.56846e+72
1.32045e-24 1.56306e+72
1.32701e-24 1.55758e+72
1.3336e-24 1.552e+72
1.34022e-24 1.54632e+72
1.34688e-24 1.54054e+72
1.35357e-24 1.53465e+72
1.36029e-24 1.52866e+72
1.36705e-24 1.52257e+72
1.37383e-24 1.51636e+72
1.38066e-24 1.51005e+72
1.38752e-24 1.50362e+72
1.39441e-24 1.49707e+72
1.40133e-24 1.49042e+72
1.40829e-24 1.48364e+72
1.41529e-24 1.47675e+72
1.42231e-24 1.46975e+72
1.42938e-24 1.46262e+72
1.43648e-24 1.45538e+72
1.44361e-24 1.44801e+72
1.45078e-24 1.44053e+72
1.45799e-24 1.43293e+72
1.46523e-24 1.42521e+72
1.47251e-24 1.41738e+72
1.47982e-24 1.40944e+72
1.48717e-24 1.40138e+72
1.49455e-24 1.39322e+72
1.50198e-24 1.38494e+72
1.50944e-24 1.37656e+72
1.51693e-24 1.36808e+72
1.52447e-24 1.35949e+72
1.53204e-24 1.35081e+72
1.53965e-24 1.34203e+72
1.54729e-24 1.33316e+72
1.55498e-24 1.3242e+72
1.5627e-24 1.31516e+72
1.57046e-24 1.30604e+72
1.57826e-24 1.29685e+72
1.5861e-24 1.28759e+72
1.59398e-24 1.27826e+72
1.60189e-24 1.26887e+72
1.60985e-24 1.25943e+72
1.61785e-24 1.24994e+72
1.62588e-24 1.2404e+72
1.63396e-24 1.23083e+72
1.64207e-24 1.22123e+72
1.65023e-24 1.2116e+72
1.65842e-24 1.20195e+72
1.66666e-24 1.19229e+72
1.67494e-24 1.18262e+72
1.68325e-24 1.17296e+72
1.69161e-24 1.1633e+72
1.70002e-24 1.15365e+72
1.70846e-24 1.14403e+72
1.71694e-24 1.13443e+72
1.72547e-24 1.12487e+72
1.73404e-24 1.11534e+72
1.74265e-24 1.10587e+72
1.75131e-24 1.09645e+72
1.76001e-24 1.08709e+72
1.76875e-24 1.0778e+72
1.77753e-24 1.06859e+72
1.78636e-24 1.05945e+72
1.79523e-24 1.05041e+72
1.80415e-24 1.04145e+72
1.81311e-24 1.0326e+72
1.82211e-24 1.02385e+72
1.83116e-24 1.01521e+72
1.84026e-24 1.00669e+72
1.8494e-24 9.98294e+71
1.85858e-24 9.90023e+71
1.86781e-24 9.81884e+71
1.87709e-24 9.73881e+71
1.88641e-24 9.66019e+71
1.89578e-24 9.58302e+71
1.9052e-24 9.50735e+71
1.91466e-24 9.43321e+71
1.92417e-24 9.36061e+71
1.93372e-24 9.28959e+71
1.94333e-24 9.22017e+71
1.95298e-24 9.15237e+71
1.96268e-24 9.08621e+71
1.97243e-24 9.02172e+71
1.98222e-24 8.95891e+71
1.99207e-24 8.89779e+71
2.00196e-24 8.83835e+71
2.0119e-24 8.78058e+71
2.0219e-24 8.72447e+71
2.03194e-24 8.67002e+71
2.04203e-24 8.61722e+71
2.05217e-24 8.56604e+71
2.06236e-24 8.51648e+71
2.07261e-24 8.4685e+71
2.0829e-24 8.42208e+71
2.09324e-24 8.37717e+71
2.10364e-24 8.33374e+71
2.11409e-24 8.29176e+71
2.12459e-24 8.25116e+71
2.13514e-24 8.21191e+71
2.14574e-24 8.17394e+71
2.1564e-24 8.13721e+71
2.16711e-24 8.10164e+71
2.17787e-24 8.06718e+71
2.18869e-24 8.03375e+71
2.19956e-24 8.00128e+71
2.21048e-24 7.9697e+71
2.22146e-24 7.93893e+71
2.23249e-24 7.90889e+71
2.24358e-24 7.8795e+71
2.25473e-24 7.85066e+71
2.26592e-24 7.82229e+71
2.27718e-24 7.7943e+71
2.28849e-24 7.76661e+71
2.29985e-24 7.73911e+71
2.31127e-24 7.71171e+71
2.32275e-24 7.68433e+71
2.33429e-24 7.65686e+71
2.34588e-24 7.62921e+71
2.35753e-24 7.6013e+71
2.36924e-24 7.57302e+71
2.38101e-24 7.5443e+71
2.39283e-24 7.51503e+71
2.40472e-24 7.48514e+71
2.41666e-24 7.45454e+71
2.42866e-24 7.42314e+71
2.44073e-24 7.39088e+71
2.45285e-24 7.35768e+71
2.46503e-24 7.32347e+71
2.47727e-24 7.28818e+71
2.48958e-24 7.25178e+71
2.50194e-24 7.2142e+71
2.51437e-24 7.17542e+71
2.52685e-24 7.13536e+71
2.5394e-24 7.094e+71
2.55202e-24 7.0513e+71
2.56469e-24 7.0072e+71
2.57743e-24 6.96173e+71
2.59023e-24 6.91492e+71
2.60309e-24 6.86681e+71
2.61602e-24 6.81744e+71
2.62901e-24 6.76681e+71
2.64207e-24 6.71493e+71
2.65519e-24 6.6618e+71
2.66838e-24 6.60743e+71
2.68163e-24 6.55187e+71
2.69495e-24 6.49522e+71
2.70834e-24 6.43754e+71
2.72179e-24 6.37893e+71
2.7353e-24 6.31947e+71
2.74889e-24 6.25924e+71
2.76254e-24 6.19833e+71
2.77626e-24 6.13683e+71
2.79005e-24 6.07484e+71
2.80391e-24 6.01247e+71
2.81783e-24 5.94984e+71
2.83183e-24 5.88705e+71
2.84589e-24 5.82422e+71
2.86003e-24 5.76147e+71
2.87423e-24 5.6989e+71
2.88851e-24 5.63663e+71
2.90285e-24 5.57476e+71
2.91727e-24 5.51342e+71
2.93176e-24 5.45272e+71
2.94632e-24 5.39276e+71
2.96095e-24 5.33365e+71
2.97566e-24 5.27549e+71
2.99043e-24 5.21837e+71
3.00529e-24 5.16239e+71
3.02021e-24 5.10763e+71
3.03521e-24 5.05416e+71
3.05029e-24 5.00205e+71
3.06544e-24 4.95139e+71
3.08066e-24 4.90221e+71
3.09596e-24 4.85457e+71
3.11134e-24 4.8085e+71
3.12679e-24 4.76405e+71
3.14232e-24 4.72124e+71
3.15792e-24 4.68006e+71
3.17361e-24 4.64054e+71
3.18937e-24 4.60268e+71
3.20521e-24 4.56645e+71
3.22113e-24 4.53184e+71
3.23713e-24 4.49881e+71
3.2532e-24 4.46733e+71
3.26936e-24 4.43735e+71
3.2856e-24 4.40881e+71
3.30192e-24 4.38164e+71
3.31832e-24 4.35577e+71
3.3348e-24 4.33114e+71
3.35136e-24 4.30763e+71
3.368e-24 4.28516e+71
3.38473e-24 4.26363e+71
3.40154e-24 4.24294e+71
3.41843e-24 4.22297e+71
3.43541e-24 4.2036e+71
3.45247e-24 4.18472e+71
3.46962e-24 4.1662e+71
3.48685e-24 4.14793e+71
3.50417e-24 4.12978e+71
3.52157e-24 4.11165e+71
3.53906e-24 4.09339e+71
3.55664e-24 4.07491e+71
3.5743e-24 4.05607e+71
3.59206e-24 4.03675e+71
3.6099e-24 4.01686e+71
3.62782e-24 3.9963e+71
3.64584e-24 3.97498e+71
3.66395e-24 3.95281e+71
3.68215e-24 3.92973e+71
3.70043e-24 3.90568e+71
3.71881e-24 3.88061e+71
3.73728e-24 3.85446e+71
3.75584e-24 3.82721e+71
3.7745e-24 3.79885e+71
3.79324e-24 3.76939e+71
3.81208e-24 3.73882e+71
3.83101e-24 3.70717e+71
3.85004e-24 3.67449e+71
3.86916e-24 3.64081e+71
3.88838e-24 3.60621e+71
3.90769e-24 3.57074e+71
3.9271e-24 3.53451e+71
3.9466e-24 3.49759e+71
3.9662e-24 3.46008e+71
3.9859e-24 3.42209e+71
4.0057e-24 3.38375e+71
4.02559e-24 3.34516e+71
4.04558e-24 3.30645e+71
4.06568e-24 3.26773e+71
4.08587e-24 3.22915e+71
4.10616e-24 3.19081e+71
4.12656e-24 3.15285e+71
4.14705e-24 3.11537e+71
4.16765e-24 3.07849e+71
4.18835e-24 3.04233e+71
4.20915e-24 3.00697e+71
4.23005e-24 2.97252e+71
4.25106e-24 2.93904e+71
4.27217e-24 2.90662e+71
4.29339e-24 2.87532e+71
4.31471e-24 2.84519e+71
4.33614e-24 2.81626e+71
4.35768e-24 2.78856e+71
4.37932e-24 2.7621e+71
4.40107e-24 2.73689e+71
4.42293e-24 2.71291e+71
4.4449e-24 2.69013e+71
4.46697e-24 2.66854e+71
4.48916e-24 2.64807e+71
4.51145e-24 2.62866e+71
4.53386e-24 2.61023e+71
4.55638e-24 2.59272e+71
4.579e-24 2.57603e+71
4.60175e-24 2.56007e+71
4.6246e-24 2.54473e+71
4.64757e-24 2.52991e+71
4.67065e-24 2.5155e+71
4.69385e-24 2.50138e+71
4.71716e-24 2.48743e+71
4.74059e-24 2.47354e+71
4.76413e-24 2.45959e+71
4.78779e-24 2.44548e+71
4.81157e-24 2.4311e+71
4.83547e-24 2.41635e+71
4.85948e-24 2.40115e+71
4.88362e-24 2.38541e+71
4.90787e-24 2.36909e+71
4.93225e-24 2.35212e+71
4.95674e-24 2.33446e+71
4.98136e-24 2.31609e+71
5.0061e-24 2.29699e+71
5.03097e-24 2.27716e+71
5.05595e-24 2.25662e+71
5.08106e-24 2.23539e+71
5.1063e-24 2.21354e+71
5.13166e-24 2.19109e+71
5.15714e-24 2.16813e+71
5.18276e-24 2.14474e+71
5.2085e-24 2.121e+71
5.23437e-24 2.09702e+71
5.26036e-24 2.07287e+71
5.28649e-24 2.04868e+71
5.31274e-24 2.02453e+71
5.33913e-24 2.00055e+71
5.36565e-24 1.97682e+71
5.39229e-24 1.95344e+71
5.41908e-24 1.9305e+71
5.44599e-24 1.9081e+71
5.47304e-24 1.8863e+71
5.50022e-24 1.86517e+71
5.52754e-24 1.84475e+71
5.55499e-24 1.82511e+71
5.58258e-24 1.80627e+71
5.6103e-24 1.78822e+71
5.63817e-24 1.77099e+71
5.66617e-24 1.75456e+71
5.69431e-24 1.73891e+71
5.72259e-24 1.72401e+71
5.75101e-24 1.7098e+71
5.77957e-24 1.69624e+71
5.80828e-24 1.68326e+71
5.83713e-24 1.67078e+71
5.86612e-24 1.65872e+71
5.89525e-24 1.64699e+71
5.92453e-24 1.6355e+71
5.95395e-24 1.62418e+71
5.98352e-24 1.61294e+71
6.01324e-24 1.60168e+71
6.04311e-24 1.59033e+71
6.07312e-24 1.57882e+71
6.10328e-24 1.56707e+71
6.13359e-24 1.55502e+71
6.16406e-24 1.54263e+71
6.19467e-24 1.52986e+71
6.22544e-24 1.5167e+71
6.25635e-24 1.50313e+71
6.28743e-24 1.48916e+71
6.31865e-24 1.4748e+71
6.35003e-24 1.46009e+71
6.38157e-24 1.44506e+71
6.41327e-24 1.42976e+71
6.44512e-24 1.41424e+71
6.47713e-24 1.39859e+71
6.5093e-24 1.38286e+71
6.54162e-24 1.36712e+71
6.57411e-24 1.35145e+71
6.60676e-24 1.33592e+71
6.63958e-24 1.32061e+71
6.67255e-24 1.30558e+71
6.70569e-24 1.29088e+71
6.739e-24 1.27656e+71
6.77246e-24 1.26267e+71
6.8061e-24 1.24924e+71
6.8399e-24 1.23629e+71
6.87387e-24 1.22382e+71
6.90801e-24 1.21184e+71
6.94232e-24 1.20034e+71
6.9768e-24 1.18929e+71
7.01145e-24 1.17866e+71
7.04627e-24 1.1684e+71
7.08127e-24 1.15848e+71
7.11644e-24 1.14884e+71
7.15178e-24 1.13941e+71
7.1873e-24 1.13015e+71
7.223e-24 1.12098e+71
7.25887e-24 1.11187e+71
7.29492e-24 1.10274e+71
7.33115e-24 1.09354e+71
7.36756e-24 1.08424e+71
7.40415e-24 1.0748e+71
7.44093e-24 1.06519e+71
7.47788e-24 1.0554e+71
7.51502e-24 1.0454e+71
7.55234e-24 1.03523e+71
7.58985e-24 1.02487e+71
7.62755e-24 1.01436e+71
7.66543e-24 1.00371e+71
7.7035e-24 9.92973e+70
7.74176e-24 9.82183e+70
7.78021e-24 9.71385e+70
7.81885e-24 9.60622e+70
7.85768e-24 9.49942e+70
7.89671e-24 9.39389e+70
7.93593e-24 9.29009e+70
7.97534e-24 9.18837e+70
8.01495e-24 9.08897e+70
8.05476e-24 8.99212e+70
8.09476e-24 8.89806e+70
8.13496e-24 8.80688e+70
8.17537e-24 8.71848e+70
8.21597e-24 8.63277e+70
8.25677e-24 8.54967e+70
8.29778e-24 8.46896e+70
8.33899e-24 8.39033e+70
8.38041e-24 8.31342e+70
8.42203e-24 8.23791e+70
8.46386e-24 8.16344e+70
8.50589e-24 8.08968e+70
8.54814e-24 8.01625e+70
8.59059e-24 7.94282e+70
8.63326e-24 7.86912e+70
8.67614e-24 7.79497e+70
8.71923e-24 7.72024e+70
8.76253e-24 7.64477e+70
8.80605e-24 7.56853e+70
8.84978e-24 7.49162e+70
8.89374e-24 7.41418e+70
8.93791e-24 7.33633e+70
8.9823e-24 7.25826e+70
9.02691e-24 7.18022e+70
9.07174e-24 7.1025e+70
9.1168e-24 7.02534e+70
9.16207e-24 6.94901e+70
9.20758e-24 6.87372e+70
9.25331e-24 6.79968e+70
9.29926e-24 6.7271e+70
9.34545e-24 6.65611e+70
9.39186e-24 6.58673e+70
9.43851e-24 6.51896e+70
9.48538e-24 6.45281e+70
9.53249e-24 6.38821e+70
9.57984e-24 6.32498e+70
9.62742e-24 6.26296e+70
9.67523e-24 6.20195e+70
9.72328e-24 6.14177e+70
9.77157e-24 6.08222e+70
9.8201e-24 6.0231e+70
9.86888e-24 5.9642e+70
9.91789e-24 5.90538e+70
9.96715e-24 5.84655e+70
1.00166e-23 5.78766e+70
1.00664e-23 5.72863e+70
1.01164e-23 5.66945e+70
1.01666e-23 5.61022e+70
1.02171e-23 5.55104e+70
1.02679e-23 5.49199e+70
1.03189e-23 5.43319e+70
1.03701e-23 5.37479e+70
1.04216e-23 5.31694e+70
1.04734e-23 5.25979e+70
1.05254e-23 5.20344e+70
1.05777e-23 5.14796e+70
1.06302e-23 5.09342e+70
1.0683e-23 5.03988e+70
1.07361e-23 4.98734e+70
1.07894e-23 4.93575e+70
1.0843e-23 4.88502e+70
1.08968e-23 4.83511e+70
1.09509e-23 4.78591e+70
1.10053e-23 4.73731e+70
1.106e-23 4.68919e+70
1.11149e-23 4.64145e+70
1.11701e-23 4.59399e+70
1.12256e-23 4.54676e+70
1.12813e-23 4.49972e+70
1.13374e-23 4.45282e+70
1.13937e-23 4.40606e+70
1.14503e-23 4.35947e+70
1.15071e-23 4.31309e+70
1.15643e-23 4.26697e+70
1.16217e-23 4.22116e+70
1.16794e-23 4.17577e+70
1.17374e-23 4.13089e+70
1.17957e-23 4.08661e+70
1.18543e-23 4.04297e+70
1.19132e-23 3.9999e+70
1.19724e-23 3.95732e+70
1.20318e-23 3.91516e+70
1.20916e-23 3.8734e+70
1.21516e-23 3.83218e+70
1.2212e-23 3.79161e+70
1.22726e-23 3.75183e+70
1.23336e-23 3.71283e+70
1.23948e-23 3.67441e+70
1.24564e-23 3.63633e+70
1.25183e-23 3.59836e+70
1.25804e-23 3.5604e+70
1.26429e-23 3.52252e+70
1.27057e-23 3.48482e+70
1.27688e-23 3.44738e+70
1.28322e-23 3.41027e+70
1.2896e-23 3.37351e+70
1.296e-23 3.33711e+70
1.30244e-23 3.3011e+70
1.30891e-23 3.26548e+70
1.31541e-23 3.23027e+70
1.32194e-23 3.19549e+70
1.3285e-23 3.16116e+70
1.3351e-23 3.12727e+70
1.34173e-23 3.0938e+70
1.3484e-23 3.06073e+70
1.35509e-23 3.02801e+70
1.36182e-23 2.99564e+70
1.36859e-23 2.96359e+70
1.37538e-23 2.93183e+70
1.38222e-23 2.90034e+70
1.38908e-23 2.86912e+70
1.39598e-23 2.83815e+70
1.40291e-23 2.80745e+70
1.40988e-23 2.77702e+70
1.41688e-23 2.74685e+70
1.42392e-23 2.71698e+70
1.43099e-23 2.68741e+70
1.4381e-23 2.65816e+70
1.44524e-23 2.62924e+70
1.45242e-23 2.60066e+70
1.45963e-23 2.5724e+70
1.46688e-23 2.54447e+70
1.47417e-23 2.51685e+70
1.48149e-23 2.48954e+70
1.48885e-23 2.46252e+70
1.49624e-23 2.43578e+70
1.50367e-23 2.4093e+70
1.51114e-23 2.38309e+70
1.51864e-23 2.35713e+70
1.52619e-23 2.3314e+70
1.53377e-23 2.30591e+70
1.54138e-23 2.28066e+70
1.54904e-23 2.25566e+70
1.55673e-23 2.23092e+70
1.56446e-23 2.20644e+70
1.57223e-23 2.18222e+70
1.58004e-23 2.15827e+70
1.58789e-23 2.13459e+70
1.59578e-23 2.11116e+70
1.6037e-23 2.088e+70
1.61167e-23 2.06508e+70
1.61967e-23 2.04241e+70
1.62771e-23 2.01997e+70
1.6358e-23 1.99775e+70
1.64392e-23 1.97577e+70
1.65209e-23 1.95401e+70
1.66029e-23 1.93247e+70
1.66854e-23 1.91114e+70
1.67683e-23 1.89002e+70
1.68515e-23 1.8691e+70
1.69352e-23 1.84838e+70
1.70193e-23 1.82787e+70
1.71039e-23 1.80759e+70
1.71888e-23 1.78756e+70
1.72742e-23 1.76778e+70
1.736e-23 1.74824e+70
1.74462e-23 1.72892e+70
1.75328e-23 1.70979e+70
1.76199e-23 1.69085e+70
1.77074e-23 1.67208e+70
1.77954e-23 1.6535e+70
1.78837e-23 1.63509e+70
1.79726e-23 1.61685e+70
1.80618e-23 1.59881e+70
1.81515e-23 1.58097e+70
1.82417e-23 1.56333e+70
1.83323e-23 1.5459e+70
1.84233e-23 1.52868e+70
1.85148e-23 1.51164e+70
1.86068e-23 1.49479e+70
1.86992e-23 1.4781e+70
1.87921e-23 1.46158e+70
1.88854e-23 1.44522e+70
1.89792e-23 1.42904e+70
1.90734e-23 1.41301e+70
1.91682e-23 1.39716e+70
1.92634e-23 1.38148e+70
1.9359e-23 1.36598e+70
1.94552e-23 1.35066e+70
1.95518e-23 1.3355e+70
1.96489e-23 1.32051e+70
1.97465e-23 1.30568e+70
1.98446e-23 1.29101e+70
1.99431e-23 1.27649e+70
2.00422e-23 1.26212e+70
2.01417e-23 1.2479e+70
2.02418e-23 1.23384e+70
2.03423e-23 1.21994e+70
2.04433e-23 1.20618e+70
2.05449e-23 1.19257e+70
2.06469e-23 1.1791e+70
2.07494e-23 1.16578e+70
2.08525e-23 1.15261e+70
2.09561e-23 1.13957e+70
2.10601e-23 1.12668e+70
2.11647e-23 1.11393e+70
2.12698e-23 1.10131e+70
2.13755e-23 1.08883e+70
2.14816e-23 1.07649e+70
2.15883e-23 1.06429e+70
2.16955e-23 1.05222e+70
2.18033e-23 1.04028e+70
2.19116e-23 1.02847e+70
2.20204e-23 1.01678e+70
2.21298e-23 1.00522e+70
2.22397e-23 9.93784e+69
2.23501e-23 9.82468e+69
2.24611e-23 9.71275e+69
2.25727e-23 9.60205e+69
2.26848e-23 9.49259e+69
2.27975e-23 9.38438e+69
2.29107e-23 9.27738e+69
2.30245e-23 9.17156e+69
2.31388e-23 9.06688e+69
2.32537e-23 8.96332e+69
2.33692e-23 8.86088e+69
2.34853e-23 8.75955e+69
2.36019e-23 8.65934e+69
2.37192e-23 8.56024e+69
2.3837e-23 8.46224e+69
2.39553e-23 8.36532e+69
2.40743e-23 8.26946e+69
2.41939e-23 8.17465e+69
2.4314e-23 8.08089e+69
2.44348e-23 7.98815e+69
2.45562e-23 7.89645e+69
2.46781e-23 7.80575e+69
2.48007e-23 7.71606e+69
2.49239e-23 7.62737e+69
2.50476e-23 7.53965e+69
2.5172e-23 7.4529e+69
2.52971e-23 7.36711e+69
2.54227e-23 7.28228e+69
2.5549e-23 7.19839e+69
2.56758e-23 7.11543e+69
2.58034e-23 7.03339e+69
2.59315e-23 6.95227e+69
2.60603e-23 6.87204e+69
2.61897e-23 6.7927e+69
2.63198e-23 6.71424e+69
2.64505e-23 6.63664e+69
2.65819e-23 6.55992e+69
2.67139e-23 6.48405e+69
2.68466e-23 6.40902e+69
2.69799e-23 6.33483e+69
2.71139e-23 6.26145e+69
2.72486e-23 6.18889e+69
2.73839e-23 6.11714e+69
2.75199e-23 6.04619e+69
2.76566e-23 5.97605e+69
2.77939e-23 5.90669e+69
2.7932e-23 5.83812e+69
2.80707e-23 5.7703e+69
2.82101e-23 5.70324e+69
2.83502e-23 5.63691e+69
2.8491e-23 5.57131e+69
2.86325e-23 5.50645e+69
2.87747e-23 5.44233e+69
2.89176e-23 5.37895e+69
2.90613e-23 5.31631e+69
2.92056e-23 5.25438e+69
2.93506e-23 5.19315e+69
2.94964e-23 5.13259e+69
2.96429e-23 5.07271e+69
2.97901e-23 5.01348e+69
2.99381e-23 4.95489e+69
3.00868e-23 4.89692e+69
3.02362e-23 4.8396e+69
3.03864e-23 4.78295e+69
3.05373e-23 4.727e+69
3.06889e-23 4.67174e+69
3.08414e-23 4.61715e+69
3.09945e-23 4.56318e+69
3.11485e-23 4.50977e+69
3.13032e-23 4.45691e+69
3.14586e-23 4.40462e+69
3.16149e-23 4.35294e+69
3.17719e-23 4.30194e+69
3.19297e-23 4.25161e+69
3.20883e-23 4.20183e+69
3.22476e-23 4.1524e+69
3.24078e-23 4.10315e+69
