1.62039e-27 -1.39956e-254
1.62844e-27 -2.53616e-254
1.63652e-27 -4.59567e-254
1.64465e-27 -8.32807e-254
1.65282e-27 -1.50917e-253
1.66103e-27 -2.73471e-253
1.66928e-27 -4.9556e-253
1.67757e-27 -8.9804e-253
1.6859e-27 -1.62733e-252
1.69427e-27 -2.94884e-252
1.70269e-27 -5.34378e-252
1.71115e-27 -9.68364e-252
1.71964e-27 -1.75473e-251
1.72818e-27 -3.17979e-251
1.73677e-27 -5.76231e-251
1.74539e-27 -1.04417e-250
1.75406e-27 -1.89213e-250
1.76277e-27 -3.42886e-250
1.77153e-27 -6.21349e-250
1.78033e-27 -1.12592e-249
1.78917e-27 -2.04032e-249
1.79805e-27 -3.69738e-249
1.80698e-27 -6.69988e-249
1.81596e-27 -1.21408e-248
1.82498e-27 -2.20013e-248
1.83404e-27 -3.98684e-248
1.84315e-27 -7.2244e-248
1.8523e-27 -1.30917e-247
1.8615e-27 -2.3724e-247
1.87075e-27 -4.29892e-247
1.88004e-27 -7.79013e-247
1.88938e-27 -1.4117e-246
1.89876e-27 -2.55811e-246
1.90819e-27 -4.63548e-246
1.91767e-27 -8.40024e-246
1.92719e-27 -1.52222e-245
1.93676e-27 -2.75834e-245
1.94638e-27 -4.99848e-245
1.95605e-27 -9.05802e-245
1.96576e-27 -1.64137e-244
1.97553e-27 -2.9743e-244
1.98534e-27 -5.38992e-244
1.9952e-27 -9.76708e-244
2.00511e-27 -1.76985e-243
2.01507e-27 -3.20721e-243
2.02507e-27 -5.81193e-243
2.03513e-27 -1.05315e-242
2.04524e-27 -1.90841e-242
2.0554e-27 -3.45836e-242
2.06561e-27 -6.26682e-242
2.07586e-27 -1.13559e-241
2.08617e-27 -2.05785e-241
2.09654e-27 -3.72909e-241
2.10695e-27 -6.75727e-241
2.11741e-27 -1.2245e-240
2.12793e-27 -2.21898e-240
2.1385e-27 -4.02092e-240
2.14912e-27 -7.2862e-240
2.15979e-27 -1.32037e-239
2.17052e-27 -2.39266e-239
2.1813e-27 -4.3356e-239
2.19213e-27 -7.85667e-239
2.20302e-27 -1.42374e-238
2.21396e-27 -2.57989e-238
2.22496e-27 -4.67497e-238
2.23601e-27 -8.4718e-238
2.24711e-27 -1.53516e-237
2.25827e-27 -2.78178e-237
2.26949e-27 -5.04098e-237
2.28076e-27 -9.1349e-237
2.29209e-27 -1.65528e-236
2.30347e-27 -2.99953e-236
2.31491e-27 -5.43561e-236
2.32641e-27 -9.84968e-236
2.33796e-27 -1.78482e-235
2.34957e-27 -3.23436e-235
2.36124e-27 -5.861e-235
2.37297e-27 -1.06203e-234
2.38475e-27 -1.92453e-234
2.3966e-27 -3.48752e-234
2.4085e-27 -6.31955e-234
2.42046e-27 -1.14515e-233
2.43248e-27 -2.07518e-233
2.44456e-27 -3.7604e-233
2.45671e-27 -6.81398e-233
2.46891e-27 -1.23478e-232
2.48117e-27 -2.23758e-232
2.49349e-27 -4.05457e-232
2.50588e-27 -7.34723e-232
2.51832e-27 -1.33143e-231
2.53083e-27 -2.41263e-231
2.5434e-27 -4.37179e-231
2.55603e-27 -7.92228e-231
2.56872e-27 -1.4356e-230
2.58148e-27 -2.60135e-230
2.5943e-27 -4.71391e-230
2.60719e-27 -8.54226e-230
2.62014e-27 -1.5479e-229
2.63315e-27 -2.80487e-229
2.64623e-27 -5.08282e-229
2.65937e-27 -9.21051e-229
2.67258e-27 -1.66897e-228
2.68585e-27 -3.02436e-228
2.69919e-27 -5.48052e-228
2.71259e-27 -9.93087e-228
2.72607e-27 -1.79954e-227
2.73961e-27 -3.26102e-227
2.75321e-27 -5.90917e-227
2.76689e-27 -1.07076e-226
2.78063e-27 -1.94035e-226
2.79444e-27 -3.51612e-226
2.80832e-27 -6.37128e-226
2.82226e-27 -1.15453e-225
2.83628e-27 -2.09216e-225
2.85037e-27 -3.79108e-225
2.86452e-27 -6.86958e-225
2.87875e-27 -1.24486e-224
2.89305e-27 -2.25578e-224
2.90742e-27 -4.08752e-224
2.92186e-27 -7.40696e-224
2.93637e-27 -1.34223e-223
2.95095e-27 -2.43216e-223
2.96561e-27 -4.40719e-223
2.98034e-27 -7.98639e-223
2.99514e-27 -1.44718e-222
3.01001e-27 -2.62232e-222
3.02496e-27 -4.75192e-222
3.03999e-27 -8.61098e-222
3.05508e-27 -1.56032e-221
3.07026e-27 -2.82739e-221
3.08551e-27 -5.12359e-221
3.10083e-27 -9.28415e-221
3.11623e-27 -1.68231e-220
3.13171e-27 -3.04853e-220
3.14726e-27 -5.52419e-220
3.16289e-27 -1.00098e-219
3.1786e-27 -1.81386e-219
3.19439e-27 -3.28692e-219
3.21025e-27 -5.95596e-219
3.22619e-27 -1.07924e-218
3.24222e-27 -1.9557e-218
3.25832e-27 -3.54385e-218
3.2745e-27 -6.42146e-218
3.29077e-27 -1.16362e-217
3.30711e-27 -2.1086e-217
3.32353e-27 -3.82079e-217
3.34004e-27 -6.92342e-217
3.35663e-27 -1.2546e-216
3.3733e-27 -2.27338e-216
3.39005e-27 -4.11937e-216
3.40689e-27 -7.46469e-216
3.42381e-27 -1.35266e-215
3.44081e-27 -2.45101e-215
3.4579e-27 -4.44135e-215
3.47508e-27 -8.04819e-215
3.49234e-27 -1.45834e-214
3.50968e-27 -2.64253e-214
3.52711e-27 -4.78852e-214
3.54463e-27 -8.67706e-214
3.56223e-27 -1.57227e-213
3.57993e-27 -2.84905e-213
3.59771e-27 -5.16273e-213
3.61557e-27 -9.35484e-213
3.63353e-27 -1.69511e-212
3.65158e-27 -3.07171e-212
3.66971e-27 -5.56603e-212
3.68794e-27 -1.00855e-211
3.70625e-27 -1.82757e-211
3.72466e-27 -3.31169e-211
3.74316e-27 -6.0007e-211
3.76175e-27 -1.08734e-210
3.78043e-27 -1.97036e-210
3.79921e-27 -3.57031e-210
3.81808e-27 -6.46934e-210
3.83704e-27 -1.17229e-209
3.8561e-27 -2.12425e-209
3.87525e-27 -3.84907e-209
3.89449e-27 -6.97466e-209
3.91384e-27 -1.26386e-208
3.93327e-27 -2.29009e-208
3.95281e-27 -4.14963e-208
3.97244e-27 -7.51944e-208
3.99217e-27 -1.36254e-207
4.012e-27 -2.46887e-207
4.03192e-27 -4.4737e-207
4.05195e-27 -8.1066e-207
4.07207e-27 -1.46889e-206
4.0923e-27 -2.66162e-206
4.11262e-27 -4.82304e-206
4.13304e-27 -8.73932e-206
4.15357e-27 -1.58353e-205
4.1742e-27 -2.86943e-205
4.19493e-27 -5.19951e-205
4.21577e-27 -9.42125e-205
4.2367e-27 -1.70714e-204
4.25775e-27 -3.09343e-204
4.27889e-27 -5.6052e-204
4.30014e-27 -1.01564e-203
4.3215e-27 -1.84039e-203
4.34296e-27 -3.33481e-203
4.36453e-27 -6.04247e-203
4.38621e-27 -1.0949e-202
4.40799e-27 -1.98401e-202
4.42988e-27 -3.59492e-202
4.45189e-27 -6.51388e-202
4.474e-27 -1.18034e-201
4.49622e-27 -2.13876e-201
4.51855e-27 -3.87529e-201
4.54099e-27 -7.0221e-201
4.56354e-27 -1.27242e-200
4.58621e-27 -2.30553e-200
4.60898e-27 -4.17756e-200
4.63187e-27 -7.56988e-200
4.65488e-27 -1.37163e-199
4.678e-27 -2.48529e-199
4.70123e-27 -4.5034e-199
4.72458e-27 -8.16013e-199
4.74804e-27 -1.47854e-198
4.77162e-27 -2.67909e-198
4.79532e-27 -4.85457e-198
4.81914e-27 -8.79611e-198
4.84307e-27 -1.5938e-197
4.86713e-27 -2.88799e-197
4.8913e-27 -5.23292e-197
4.91559e-27 -9.48153e-197
4.94e-27 -1.71804e-196
4.96454e-27 -3.11308e-196
4.9892e-27 -5.6406e-196
5.01397e-27 -1.02204e-195
5.03888e-27 -1.85195e-195
5.0639e-27 -3.3556e-195
5.08905e-27 -6.07999e-195
5.11433e-27 -1.10169e-194
5.13973e-27 -1.99622e-194
5.16525e-27 -3.61692e-194
5.19091e-27 -6.55364e-194
5.21669e-27 -1.18752e-193
5.2426e-27 -2.15166e-193
5.26863e-27 -3.89858e-193
5.2948e-27 -7.06416e-193
5.3211e-27 -1.27998e-192
5.34753e-27 -2.31916e-192
5.37408e-27 -4.20218e-192
5.40077e-27 -7.61423e-192
5.4276e-27 -1.3796e-191
5.45455e-27 -2.49969e-191
5.48164e-27 -4.52937e-191
5.50887e-27 -8.2068e-191
5.53623e-27 -1.48695e-190
5.56372e-27 -2.69428e-190
5.59136e-27 -4.88187e-190
5.61913e-27 -8.84521e-190
5.64703e-27 -1.60266e-189
5.67508e-27 -2.90395e-189
5.70326e-27 -5.26159e-189
5.73159e-27 -9.5332e-189
5.76006e-27 -1.72736e-188
5.78866e-27 -3.12982e-188
5.81741e-27 -5.67069e-188
5.84631e-27 -1.02747e-187
5.87534e-27 -1.86171e-187
5.90452e-27 -3.37312e-187
5.93385e-27 -6.11157e-187
5.96332e-27 -1.10737e-186
5.99293e-27 -2.00642e-186
6.0227e-27 -3.63526e-186
6.05261e-27 -6.5867e-186
6.08267e-27 -1.19345e-185
6.11288e-27 -2.1623e-185
6.14324e-27 -3.91775e-185
6.17375e-27 -7.09863e-185
6.20441e-27 -1.28616e-184
6.23523e-27 -2.33026e-184
6.26619e-27 -4.22217e-184
6.29731e-27 -7.65003e-184
6.32859e-27 -1.38602e-183
6.36002e-27 -2.51125e-183
6.39161e-27 -4.55011e-183
6.42335e-27 -8.24389e-183
6.45525e-27 -1.49362e-182
6.48731e-27 -2.70626e-182
6.51953e-27 -4.90329e-182
6.55191e-27 -8.88359e-182
6.58445e-27 -1.60956e-181
6.61715e-27 -2.9163e-181
6.65002e-27 -5.28366e-181
6.68305e-27 -9.57284e-181
6.71624e-27 -1.73447e-180
6.74959e-27 -3.1425e-180
6.78312e-27 -5.69339e-180
6.8168e-27 -1.03155e-179
6.85066e-27 -1.86898e-179
6.88468e-27 -3.3861e-179
6.91888e-27 -6.13485e-179
6.95324e-27 -1.11154e-178
6.98777e-27 -2.01383e-178
7.02248e-27 -3.64851e-178
7.05735e-27 -6.61043e-178
7.0924e-27 -1.19767e-177
7.12763e-27 -2.16982e-177
7.16303e-27 -3.93121e-177
7.1986e-27 -7.1226e-177
7.23436e-27 -1.29041e-176
7.27029e-27 -2.33785e-176
7.30639e-27 -4.23572e-176
7.34268e-27 -7.67403e-176
7.37915e-27 -1.39029e-175
7.4158e-27 -2.51886e-175
7.45263e-27 -4.5636e-175
7.48964e-27 -8.26775e-175
7.52684e-27 -1.49787e-174
7.56422e-27 -2.7138e-174
7.60179e-27 -4.91658e-174
7.63954e-27 -8.90715e-174
7.67748e-27 -1.61375e-173
7.71562e-27 -2.92367e-173
7.75393e-27 -5.29662e-173
7.79244e-27 -9.59585e-173
7.83115e-27 -1.73852e-172
7.87004e-27 -3.14958e-172
7.90913e-27 -5.7059e-172
7.94841e-27 -1.03375e-171
7.98788e-27 -1.87282e-171
8.02755e-27 -3.39281e-171
8.06742e-27 -6.14668e-171
8.10749e-27 -1.11359e-170
8.14776e-27 -2.01739e-170
8.18822e-27 -3.65474e-170
8.22889e-27 -6.62127e-170
8.26976e-27 -1.19953e-169
8.31083e-27 -2.17303e-169
8.35211e-27 -3.93678e-169
8.39359e-27 -7.13209e-169
8.43527e-27 -1.29202e-168
8.47717e-27 -2.34062e-168
8.51927e-27 -4.24041e-168
8.56158e-27 -7.6818e-168
8.6041e-27 -1.39159e-167
8.64683e-27 -2.52106e-167
8.68978e-27 -4.56715e-167
8.73294e-27 -8.27346e-167
8.77631e-27 -1.4988e-166
8.8199e-27 -2.71525e-166
8.8637e-27 -4.91873e-166
8.90772e-27 -8.91038e-166
8.95196e-27 -1.61421e-165
8.99642e-27 -2.9242e-165
9.0411e-27 -5.29712e-165
9.08601e-27 -9.59603e-165
9.13113e-27 -1.73838e-164
9.17648e-27 -3.14902e-164
9.22206e-27 -5.70443e-164
9.26786e-27 -1.03339e-163
9.31389e-27 -1.87197e-163
9.36015e-27 -3.39097e-163
9.40663e-27 -6.14282e-163
9.45335e-27 -1.11278e-162
9.5003e-27 -2.0157e-162
9.54748e-27 -3.65137e-162
9.5949e-27 -6.61451e-162
9.64256e-27 -1.19816e-161
9.69045e-27 -2.17036e-161
9.73857e-27 -3.93159e-161
9.78694e-27 -7.12184e-161
9.83555e-27 -1.29002e-160
9.8844e-27 -2.3368e-160
9.93349e-27 -4.23301e-160
9.98282e-27 -7.66749e-160
1.00324e-26 -1.38887e-159
1.00822e-26 -2.51585e-159
1.01323e-26 -4.55715e-159
1.01826e-26 -8.25444e-159
1.02332e-26 -1.49521e-158
1.0284e-26 -2.70841e-158
1.03351e-26 -4.90573e-158
1.03864e-26 -8.88592e-158
1.0438e-26 -1.60959e-157
1.04898e-26 -2.91545e-157
1.05419e-26 -5.28067e-157
1.05943e-26 -9.56517e-157
1.06469e-26 -1.73256e-156
1.06998e-26 -3.13807e-156
1.07529e-26 -5.68397e-156
1.08063e-26 -1.02955e-155
1.086e-26 -1.86476e-155
1.09139e-26 -3.3775e-155
1.09682e-26 -6.11768e-155
1.10226e-26 -1.10806e-154
1.10774e-26 -2.00689e-154
1.11324e-26 -3.63498e-154
1.11877e-26 -6.58388e-154
1.12432e-26 -1.19244e-153
1.12991e-26 -2.15973e-153
1.13552e-26 -3.91179e-153
1.14116e-26 -7.08489e-153
1.14683e-26 -1.28316e-152
1.15252e-26 -2.32405e-152
1.15825e-26 -4.20927e-152
1.164e-26 -7.62332e-152
1.16978e-26 -1.38068e-151
1.17559e-26 -2.50065e-151
1.18143e-26 -4.52887e-151
1.1873e-26 -8.20205e-151
1.19319e-26 -1.48551e-150
1.19912e-26 -2.69038e-150
1.20507e-26 -4.8723e-150
1.21106e-26 -8.8241e-150
1.21707e-26 -1.59813e-149
1.22312e-26 -2.89419e-149
1.22919e-26 -5.24137e-149
1.2353e-26 -9.49248e-149
1.24143e-26 -1.71908e-148
1.2476e-26 -3.11314e-148
1.25379e-26 -5.63794e-148
1.26002e-26 -1.02103e-147
1.26628e-26 -1.84899e-147
1.27257e-26 -3.3484e-147
1.27889e-26 -6.06391e-147
1.28524e-26 -1.09811e-146
1.29162e-26 -1.98852e-146
1.29804e-26 -3.6011e-146
1.30449e-26 -6.52125e-146
1.31096e-26 -1.18087e-145
1.31747e-26 -2.13841e-145
1.32402e-26 -3.87243e-145
1.33059e-26 -7.01217e-145
1.3372e-26 -1.26975e-144
1.34384e-26 -2.29935e-144
1.35052e-26 -4.16365e-144
1.35723e-26 -7.5392e-144
1.36397e-26 -1.36519e-143
1.37074e-26 -2.47208e-143
1.37755e-26 -4.47617e-143
1.38439e-26 -8.10503e-143
1.39127e-26 -1.46763e-142
1.39817e-26 -2.65741e-142
1.40512e-26 -4.81159e-142
1.4121e-26 -8.71238e-142
1.41911e-26 -1.57753e-141
1.42616e-26 -2.85625e-141
1.43324e-26 -5.17159e-141
1.44036e-26 -9.36402e-141
1.44751e-26 -1.69541e-140
1.4547e-26 -3.0696e-140
1.46193e-26 -5.55786e-140
1.46919e-26 -1.00628e-139
1.47648e-26 -1.82185e-139
1.48382e-26 -3.29851e-139
1.49119e-26 -5.9721e-139
1.49859e-26 -1.08121e-138
1.50604e-26 -1.95747e-138
1.51352e-26 -3.544e-138
1.52103e-26 -6.41615e-138
1.52859e-26 -1.16155e-137
1.53618e-26 -2.10291e-137
1.54381e-26 -3.80714e-137
1.55148e-26 -6.8921e-137
1.55918e-26 -1.2477e-136
1.56692e-26 -2.25882e-136
1.57471e-26 -4.08911e-136
1.58253e-26 -7.40228e-136
1.59039e-26 -1.34005e-135
1.59829e-26 -2.42585e-135
1.60622e-26 -4.39122e-135
1.6142e-26 -7.9491e-135
1.62222e-26 -1.43898e-134
1.63027e-26 -2.60476e-134
1.63837e-26 -4.71494e-134
1.64651e-26 -8.53495e-134
1.65469e-26 -1.54493e-133
1.6629e-26 -2.79638e-133
1.67116e-26 -5.06174e-133
1.67946e-26 -9.16226e-133
1.6878e-26 -1.65836e-132
1.69619e-26 -3.00162e-132
1.70461e-26 -5.43309e-132
1.71308e-26 -9.83367e-132
1.72158e-26 -1.7798e-131
1.73013e-26 -3.22138e-131
1.73873e-26 -5.83049e-131
1.74736e-26 -1.05522e-130
1.75604e-26 -1.9098e-130
1.76476e-26 -3.45654e-130
1.77353e-26 -6.25559e-130
1.78234e-26 -1.13211e-129
1.79119e-26 -2.04891e-129
1.80008e-26 -3.70804e-129
1.80902e-26 -6.71031e-129
1.81801e-26 -1.21438e-128
1.82704e-26 -2.19769e-128
1.83611e-26 -3.97695e-128
1.84523e-26 -7.19668e-128
1.85439e-26 -1.30235e-127
1.8636e-26 -2.3567e-127
1.87286e-26 -4.26443e-127
1.88216e-26 -7.71674e-127
1.89151e-26 -1.39637e-126
1.9009e-26 -2.52662e-126
1.91034e-26 -4.57175e-126
1.91983e-26 -8.27248e-126
1.92937e-26 -1.4968e-125
1.93895e-26 -2.70818e-125
1.94858e-26 -4.90013e-125
1.95826e-26 -8.86596e-125
1.96798e-26 -1.60405e-124
1.97776e-26 -2.90214e-124
1.98758e-26 -5.25077e-124
1.99745e-26 -9.49947e-124
2.00737e-26 -1.71858e-123
2.01734e-26 -3.10923e-123
2.02736e-26 -5.62494e-123
2.03743e-26 -1.01756e-122
2.04755e-26 -1.84084e-122
2.05772e-26 -3.33019e-122
2.06794e-26 -6.02408e-122
2.07821e-26 -1.08972e-121
2.08853e-26 -1.97127e-121
2.0989e-26 -3.56578e-121
2.10932e-26 -6.4498e-121
2.1198e-26 -1.16668e-120
2.13033e-26 -2.11031e-120
2.14091e-26 -3.81692e-120
2.15154e-26 -6.90374e-120
2.16223e-26 -1.24871e-119
2.17297e-26 -2.25845e-119
2.18376e-26 -4.08458e-119
2.1946e-26 -7.38751e-119
2.2055e-26 -1.33608e-118
2.21646e-26 -2.41623e-118
2.22747e-26 -4.36974e-118
2.23853e-26 -7.90263e-118
2.24965e-26 -1.42908e-117
2.26082e-26 -2.58426e-117
2.27205e-26 -4.67334e-117
2.28333e-26 -8.45073e-117
2.29467e-26 -1.52806e-116
2.30607e-26 -2.76311e-116
2.31752e-26 -4.99628e-116
2.32903e-26 -9.03368e-116
2.3406e-26 -1.63337e-115
2.35222e-26 -2.95331e-115
2.36391e-26 -5.33956e-115
2.37565e-26 -9.65354e-115
2.38744e-26 -1.74534e-114
2.3993e-26 -3.15542e-114
2.41122e-26 -5.70432e-114
2.42319e-26 -1.03124e-113
2.43523e-26 -1.86428e-113
2.44732e-26 -3.37002e-113
2.45948e-26 -6.09179e-113
2.47169e-26 -1.1012e-112
2.48397e-26 -1.99052e-112
2.4963e-26 -3.59783e-112
2.5087e-26 -6.50315e-112
2.52116e-26 -1.17544e-111
2.53368e-26 -2.12443e-111
2.54627e-26 -3.83955e-111
2.55891e-26 -6.93946e-111
2.57162e-26 -1.25413e-110
2.58439e-26 -2.26641e-110
2.59723e-26 -4.09585e-110
2.61013e-26 -7.40177e-110
2.62309e-26 -1.3375e-109
2.63612e-26 -2.41688e-109
2.64921e-26 -4.36733e-109
2.66237e-26 -7.89123e-109
2.67559e-26 -1.4258e-108
2.68888e-26 -2.57621e-108
2.70223e-26 -4.65459e-108
2.71566e-26 -8.40914e-108
2.72914e-26 -1.51924e-107
2.7427e-26 -2.74472e-107
2.75632e-26 -4.95829e-107
2.77001e-26 -8.9569e-107
2.78377e-26 -1.61804e-106
2.79759e-26 -2.92276e-106
2.81148e-26 -5.27922e-106
2.82545e-26 -9.53574e-106
2.83948e-26 -1.72237e-105
2.85358e-26 -3.11072e-105
2.86776e-26 -5.61814e-105
2.882e-26 -1.01467e-104
2.89631e-26 -1.83242e-104
2.9107e-26 -3.30905e-104
2.92515e-26 -5.97571e-104
2.93968e-26 -1.07908e-103
2.95428e-26 -1.94843e-103
2.96895e-26 -3.51816e-103
2.9837e-26 -6.35245e-103
2.99852e-26 -1.14691e-102
3.01341e-26 -2.07063e-102
3.02837e-26 -3.73836e-102
3.04342e-26 -6.74888e-102
3.05853e-26 -1.21829e-101
3.07372e-26 -2.19924e-101
3.08899e-26 -3.96993e-101
3.10433e-26 -7.16562e-101
3.11975e-26 -1.29335e-100
3.13524e-26 -2.33441e-100
3.15081e-26 -4.21313e-100
3.16646e-26 -7.60336e-100
3.18219e-26 -1.37218e-99
3.19799e-26 -2.47625e-99
3.21387e-26 -4.46829e-99
3.22983e-26 -8.06273e-99
3.24588e-26 -1.45485e-98
3.262e-26 -2.62491e-98
3.2782e-26 -4.73577e-98
3.29448e-26 -8.54414e-98
3.31084e-26 -1.54141e-97
3.32728e-26 -2.78056e-97
3.34381e-26 -5.01584e-97
3.36042e-26 -9.0478e-97
3.37711e-26 -1.63193e-96
3.39388e-26 -2.94335e-96
3.41073e-26 -5.30863e-96
3.42767e-26 -9.57388e-96
3.4447e-26 -1.72648e-95
3.4618e-26 -3.11339e-95
3.479e-26 -5.61416e-95
3.49628e-26 -1.01227e-94
3.51364e-26 -1.82512e-94
3.53109e-26 -3.29067e-94
3.54863e-26 -5.93247e-94
3.56625e-26 -1.06944e-93
3.58396e-26 -1.92788e-93
3.60176e-26 -3.47515e-93
3.61965e-26 -6.26362e-93
3.63763e-26 -1.12894e-92
3.6557e-26 -2.0347e-92
3.67385e-26 -3.66679e-92
3.6921e-26 -6.60768e-92
3.71044e-26 -1.19072e-91
3.72886e-26 -2.14552e-91
3.74738e-26 -3.86559e-91
3.76599e-26 -6.96457e-91
3.7847e-26 -1.25474e-90
3.80349e-26 -2.26028e-90
3.82238e-26 -4.0715e-90
3.84137e-26 -7.33395e-90
3.86045e-26 -1.32093e-89
3.87962e-26 -2.37894e-89
3.89889e-26 -4.28434e-89
3.91825e-26 -7.71534e-89
3.93771e-26 -1.38924e-88
3.95727e-26 -2.50142e-88
3.97692e-26 -4.50381e-88
3.99667e-26 -8.10823e-88
4.01652e-26 -1.45962e-87
4.03647e-26 -2.62753e-87
4.05652e-26 -4.72953e-87
4.07667e-26 -8.51219e-87
4.09691e-26 -1.53198e-86
4.11726e-26 -2.75703e-86
4.13771e-26 -4.96112e-86
4.15826e-26 -8.92669e-86
4.17891e-26 -1.60616e-85
4.19966e-26 -2.88964e-85
4.22052e-26 -5.19822e-85
4.24148e-26 -9.35093e-85
4.26255e-26 -1.68199e-84
4.28372e-26 -3.02509e-84
4.30499e-26 -5.4404e-84
4.32637e-26 -9.78377e-84
4.34786e-26 -1.75926e-83
4.36946e-26 -3.1631e-83
4.39116e-26 -5.68701e-83
4.41297e-26 -1.02239e-82
4.43488e-26 -1.83778e-82
4.45691e-26 -3.30333e-82
4.47904e-26 -5.93725e-82
4.50129e-26 -1.06699e-81
4.52364e-26 -1.91735e-81
4.54611e-26 -3.4453e-81
4.56869e-26 -6.19019e-81
4.59138e-26 -1.11206e-80
4.61418e-26 -1.99772e-80
4.6371e-26 -3.58846e-80
4.66013e-26 -6.44496e-80
4.68327e-26 -1.15745e-79
4.70653e-26 -2.07855e-79
4.72991e-26 -3.73219e-79
4.7534e-26 -6.70067e-79
4.77701e-26 -1.20297e-78
4.80073e-26 -2.15946e-78
4.82458e-26 -3.87593e-78
4.84854e-26 -6.9563e-78
4.87262e-26 -1.24839e-77
4.89682e-26 -2.24007e-77
4.92114e-26 -4.01909e-77
4.94558e-26 -7.21059e-77
4.97014e-26 -1.29349e-76
4.99483e-26 -2.32002e-76
5.01963e-26 -4.16096e-76
5.04456e-26 -7.46206e-76
5.06962e-26 -1.338e-75
5.09479e-26 -2.3989e-75
5.1201e-26 -4.30071e-75
5.14553e-26 -7.70917e-75
5.17108e-26 -1.3817e-74
5.19676e-26 -2.47626e-74
5.22257e-26 -4.4374e-74
5.24851e-26 -7.95044e-74
5.27458e-26 -1.42434e-73
5.30078e-26 -2.55155e-73
5.3271e-26 -4.57009e-73
5.35356e-26 -8.18443e-73
5.38015e-26 -1.46562e-72
5.40687e-26 -2.62421e-72
5.43372e-26 -4.69789e-72
5.46071e-26 -8.4095e-72
5.48783e-26 -1.5052e-71
5.51508e-26 -2.69366e-71
5.54247e-26 -4.8199e-71
5.57e-26 -8.62378e-71
5.59766e-26 -1.54273e-70
5.62547e-26 -2.75939e-70
5.6534e-26 -4.93511e-70
5.68148e-26 -8.82526e-70
5.7097e-26 -1.5779e-69
5.73806e-26 -2.82084e-69
5.76655e-26 -5.04238e-69
5.79519e-26 -9.01192e-69
5.82398e-26 -1.61038e-68
5.8529e-26 -2.87741e-68
5.88197e-26 -5.14054e-68
5.91118e-26 -9.18194e-68
5.94054e-26 -1.63987e-67
5.97004e-26 -2.92842e-67
5.99969e-26 -5.22847e-67
6.02949e-26 -9.33356e-67
6.05944e-26 -1.666e-66
6.08953e-26 -2.97323e-66
6.11978e-26 -5.30516e-66
6.15017e-26 -9.46493e-66
6.18071e-26 -1.6884e-65
6.21141e-26 -3.01122e-65
6.24226e-26 -5.36964e-65
6.27326e-26 -9.57404e-65
6.30442e-26 -1.70671e-64
6.33573e-26 -3.04188e-64
6.3672e-26 -5.42089e-64
6.39882e-26 -9.65888e-64
6.4306e-26 -1.72063e-63
6.46254e-26 -3.06467e-63
6.49463e-26 -5.45783e-63
6.52689e-26 -9.71765e-63
6.5593e-26 -1.72989e-62
6.59188e-26 -3.07907e-62
6.62462e-26 -5.47945e-62
6.65752e-26 -9.74889e-62
6.69059e-26 -1.73424e-61
6.72381e-26 -3.08454e-61
6.75721e-26 -5.48491e-61
6.79077e-26 -9.75138e-61
6.82449e-26 -1.7334e-60
6.85839e-26 -3.0806e-60
6.89245e-26 -5.47359e-60
6.92668e-26 -9.72391e-60
6.96108e-26 -1.72714e-59
6.99566e-26 -3.06692e-59
7.0304e-26 -5.44499e-59
7.06532e-26 -9.66535e-59
7.10041e-26 -1.71526e-58
7.13567e-26 -3.0433e-58
7.17111e-26 -5.39864e-58
7.20673e-26 -9.57477e-58
7.24252e-26 -1.69769e-57
7.27849e-26 -3.00957e-57
7.31464e-26 -5.33416e-57
7.35097e-26 -9.45173e-57
7.38747e-26 -1.67438e-56
7.42416e-26 -2.96564e-56
7.46104e-26 -5.25136e-56
7.49809e-26 -9.29626e-56
7.53533e-26 -1.64535e-55
7.57276e-26 -2.91146e-55
7.61037e-26 -5.15035e-55
7.64816e-26 -9.1088e-55
7.68615e-26 -1.61063e-54
7.72432e-26 -2.84714e-54
7.76268e-26 -5.03153e-54
7.80124e-26 -8.88996e-54
7.83998e-26 -1.57032e-53
7.87892e-26 -2.77297e-53
7.91805e-26 -4.89548e-53
7.95737e-26 -8.64062e-53
7.9969e-26 -1.52462e-52
8.03661e-26 -2.68938e-52
8.07653e-26 -4.74292e-52
8.11664e-26 -8.36204e-52
8.15695e-26 -1.47381e-51
8.19746e-26 -2.59692e-51
8.23817e-26 -4.57471e-51
8.27909e-26 -8.05606e-51
8.32021e-26 -1.41826e-50
8.36153e-26 -2.4962e-50
8.40306e-26 -4.39199e-50
8.44479e-26 -7.72502e-50
8.48673e-26 -1.35839e-49
8.52888e-26 -2.3879e-49
8.57124e-26 -4.19619e-49
8.61381e-26 -7.37164e-49
8.65659e-26 -1.29464e-48
8.69958e-26 -2.27291e-48
8.74279e-26 -3.989e-48
8.78621e-26 -6.9988e-48
8.82985e-26 -1.22754e-47
8.8737e-26 -2.15221e-47
8.91777e-26 -3.77224e-47
8.96206e-26 -6.60961e-47
9.00657e-26 -1.15767e-46
9.0513e-26 -2.02693e-46
9.09626e-26 -3.54779e-46
9.14143e-26 -6.20748e-46
9.18684e-26 -1.08567e-45
9.23246e-26 -1.8982e-45
9.27832e-26 -3.31765e-45
9.3244e-26 -5.79613e-45
9.37071e-26 -1.01224e-44
9.41725e-26 -1.7672e-44
9.46402e-26 -3.08393e-44
9.51102e-26 -5.37953e-44
9.55826e-26 -9.38062e-44
9.60573e-26 -1.63511e-43
9.65343e-26 -2.84885e-43
9.70138e-26 -4.96164e-43
9.74956e-26 -8.63805e-43
9.79798e-26 -1.50318e-42
9.84664e-26 -2.61467e-42
9.89555e-26 -4.54632e-42
9.94469e-26 -7.90152e-42
9.99408e-26 -1.37264e-41
1.00437e-25 -2.38357e-41
1.00936e-25 -4.13728e-41
1.01437e-25 -7.17778e-41
1.01941e-25 -1.24471e-40
1.02447e-25 -2.15758e-40
1.02956e-25 -3.73814e-40
1.03468e-25 -6.47333e-40
1.03981e-25 -1.1205e-39
1.04498e-25 -1.93862e-39
1.05017e-25 -3.35232e-39
1.05538e-25 -5.79419e-39
1.06063e-25 -1.00102e-38
1.06589e-25 -1.72846e-38
1.07119e-25 -2.98297e-38
1.07651e-25 -5.14562e-38
1.08185e-25 -8.87155e-38
1.08723e-25 -1.52869e-37
1.09263e-25 -2.63282e-37
1.09805e-25 -4.53213e-37
1.10351e-25 -7.79711e-37
1.10899e-25 -1.34068e-36
1.11449e-25 -2.30409e-36
1.12003e-25 -3.95751e-36
1.12559e-25 -6.79339e-36
1.13118e-25 -1.16552e-35
1.1368e-25 -1.99852e-35
1.14245e-25 -3.42474e-35
1.14812e-25 -5.86536e-35
1.15382e-25 -1.00397e-34
1.15955e-25 -1.7174e-34
1.16531e-25 -2.93597e-34
1.1711e-25 -5.01626e-34
1.17692e-25 -8.56525e-34
1.18276e-25 -1.46154e-33
1.18864e-25 -2.49237e-33
1.19454e-25 -4.24764e-33
1.20047e-25 -7.23413e-33
1.20643e-25 -1.23122e-32
1.21243e-25 -2.09417e-32
1.21845e-25 -3.55953e-32
1.2245e-25 -6.04594e-32
1.23058e-25 -1.02624e-31
1.23669e-25 -1.74076e-31
1.24283e-25 -2.95059e-31
1.24901e-25 -4.99769e-31
1.25521e-25 -8.45929e-31
1.26144e-25 -1.43078e-30
1.26771e-25 -2.41814e-30
1.274e-25 -4.08396e-30
1.28033e-25 -6.89219e-30
1.28669e-25 -1.16221e-29
1.29308e-25 -1.95833e-29
1.2995e-25 -3.29731e-29
1.30596e-25 -5.54727e-29
1.31244e-25 -9.32492e-29
1.31896e-25 -1.56631e-28
1.32551e-25 -2.62877e-28
1.3321e-25 -4.40812e-28
1.33871e-25 -7.38587e-28
1.34536e-25 -1.23649e-27
1.35204e-25 -2.06822e-27
1.35876e-25 -3.45638e-27
1.3655e-25 -5.77143e-27
1.37229e-25 -9.62838e-27
1.3791e-25 -1.6048e-26
1.38595e-25 -2.67244e-26
1.39283e-25 -4.44632e-26
1.39975e-25 -7.39051e-26
1.4067e-25 -1.22728e-25
1.41369e-25 -2.03616e-25
1.42071e-25 -3.37482e-25
1.42777e-25 -5.58802e-25
1.43486e-25 -9.24382e-25
1.44198e-25 -1.52761e-24
1.44915e-25 -2.52184e-24
1.45634e-25 -4.15897e-24
1.46358e-25 -6.85197e-24
1.47085e-25 -1.12765e-23
1.47815e-25 -1.85383e-23
1.48549e-25 -3.04449e-23
1.49287e-25 -4.99437e-23
1.50028e-25 -8.1838e-23
1.50774e-25 -1.33954e-22
1.51522e-25 -2.19014e-22
1.52275e-25 -3.57666e-22
1.53031e-25 -5.8342e-22
1.53791e-25 -9.50578e-22
1.54555e-25 -1.54693e-21
1.55323e-25 -2.51432e-21
1.56094e-25 -4.08183e-21
1.56869e-25 -6.61842e-21
1.57648e-25 -1.07176e-20
1.58431e-25 -1.73338e-20
1.59218e-25 -2.79992e-20
1.60009e-25 -4.51669e-20
1.60804e-25 -7.27643e-20
1.61602e-25 -1.17071e-19
1.62405e-25 -1.88101e-19
1.63211e-25 -3.01804e-19
1.64022e-25 -4.83576e-19
1.64837e-25 -7.7375e-19
1.65655e-25 -1.23624e-18
1.66478e-25 -1.97233e-18
1.67305e-25 -3.14216e-18
1.68136e-25 -4.99837e-18
1.68971e-25 -7.93897e-18
1.6981e-25 -1.25906e-17
1.70653e-25 -1.9937e-17
1.71501e-25 -3.15196e-17
1.72353e-25 -4.9752e-17
1.73209e-25 -7.84062e-17
1.74069e-25 -1.23359e-16
1.74933e-25 -1.93759e-16
1.75802e-25 -3.03832e-16
1.76675e-25 -4.75622e-16
1.77553e-25 -7.43234e-16
1.78435e-25 -1.15939e-15
1.79321e-25 -1.80537e-15
1.80211e-25 -2.80611e-15
1.81106e-25 -4.35352e-15
1.82006e-25 -6.7418e-15
1.8291e-25 -1.04204e-14
1.83818e-25 -1.60748e-14
1.84731e-25 -2.47493e-14
1.85649e-25 -3.80298e-14
1.86571e-25 -5.83171e-14
1.87497e-25 -8.92439e-14
1.88429e-25 -1.3629e-13
1.89364e-25 -2.07694e-13
1.90305e-25 -3.15821e-13
1.9125e-25 -4.79199e-13
1.922e-25 -7.2548e-13
1.93154e-25 -1.09582e-12
1.94114e-25 -1.65142e-12
1.95078e-25 -2.48294e-12
1.96047e-25 -3.72416e-12
1.9702e-25 -5.57227e-12
1.97999e-25 -8.31709e-12
1.98982e-25 -1.23827e-11
1.9997e-25 -1.8388e-11
2.00964e-25 -2.72348e-11
2.01962e-25 -4.02311e-11
2.02965e-25 -5.92666e-11
2.03973e-25 -8.70668e-11
2.04986e-25 -1.27549e-10
2.06004e-25 -1.86312e-10
2.07027e-25 -2.71342e-10
2.08055e-25 -3.93996e-10
2.09088e-25 -5.70338e-10
2.10127e-25 -8.22993e-10
2.1117e-25 -1.18376e-09
2.12219e-25 -1.69708e-09
2.13273e-25 -2.42476e-09
2.14332e-25 -3.45246e-09
2.15397e-25 -4.89836e-09
2.16467e-25 -6.9245e-09
2.17542e-25 -9.75195e-09
2.18622e-25 -1.36812e-08
2.19708e-25 -1.91178e-08
2.20799e-25 -2.66053e-08
2.21896e-25 -3.68694e-08
2.22998e-25 -5.08716e-08
2.24105e-25 -6.98753e-08
2.25218e-25 -9.5529e-08
2.26337e-25 -1.2997e-07
2.27461e-25 -1.75938e-07
2.28591e-25 -2.36908e-07
2.29726e-25 -3.17256e-07
2.30867e-25 -4.22412e-07
2.32014e-25 -5.5901e-07
2.33166e-25 -7.35041e-07
2.34324e-25 -9.59958e-07
2.35488e-25 -1.24463e-06
2.36657e-25 -1.6012e-06
2.37833e-25 -2.0427e-06
2.39014e-25 -2.58223e-06
2.40201e-25 -3.2316e-06
2.41394e-25 -3.99935e-06
2.42593e-25 -4.88766e-06
2.43798e-25 -5.88774e-06
2.45008e-25 -6.97366e-06
2.46225e-25 -8.09409e-06
2.47448e-25 -9.16062e-06
2.48677e-25 -1.0033e-05
2.49912e-25 -1.05007e-05
2.51153e-25 -1.02593e-05
2.52401e-25 -8.88097e-06
2.53654e-25 -5.7812e-06
2.54914e-25 -1.78706e-07
2.5618e-25 8.95009e-06
2.57452e-25 2.29194e-05
2.58731e-25 4.33845e-05
2.60016e-25 7.23912e-05
2.61307e-25 0.000112419
2.62605e-25 0.000166409
2.63909e-25 0.000237777
2.6522e-25 0.000330389
2.66537e-25 0.000448498
2.67861e-25 0.000596626
2.69191e-25 0.000779376
2.70528e-25 0.00100116
2.71872e-25 0.00126586
2.73222e-25 0.00157636
2.74579e-25 0.00193399
2.75943e-25 0.00233796
2.77313e-25 0.00278465
2.78691e-25 0.00326693
2.80075e-25 0.00377359
2.81466e-25 0.00428882
2.82864e-25 0.00479195
2.84268e-25 0.00525757
2.8568e-25 0.00565605
2.87099e-25 0.00595458
2.88525e-25 0.00611891
2.89958e-25 0.00611566
2.91398e-25 0.00591525
2.92845e-25 0.00549536
2.943e-25 0.0048446
2.95761e-25 0.0039661
2.9723e-25 0.00288067
2.98706e-25 0.00162889
3.0019e-25 0.000271653
3.01681e-25 -0.00111124
3.03179e-25 -0.00242502
3.04685e-25 -0.00356647
3.06198e-25 -0.00443284
3.07719e-25 -0.00493277
3.09247e-25 -0.0049983
3.10783e-25 -0.0045964
3.12327e-25 -0.00373862
3.13878e-25 -0.00248695
3.15437e-25 -0.000954067
3.17003e-25 0.000703107
3.18578e-25 0.00229718
3.2016e-25 0.003631
3.2175e-25 0.0045232
3.23348e-25 0.00483583
3.24954e-25 0.0045
3.26568e-25 0.00353455
3.2819e-25 0.00205366
3.2982e-25 0.000259765
3.31458e-25 -0.00157969
3.33104e-25 -0.00317002
3.34758e-25 -0.00423739
3.36421e-25 -0.00457991
3.38092e-25 -0.00411163
3.39771e-25 -0.00289026
3.41458e-25 -0.00112003
3.43154e-25 0.000875137
3.44858e-25 0.00270629
3.46571e-25 0.00399477
3.48292e-25 0.00445436
3.50022e-25 0.00396177
3.5176e-25 0.00259832
3.53508e-25 0.000648267
3.55263e-25 -0.00145205
3.57028e-25 -0.00320716
3.58801e-25 -0.00418056
3.60583e-25 -0.00410984
3.62374e-25 -0.00298728
3.64173e-25 -0.00108114
3.65982e-25 0.00111707
3.678e-25 0.00301278
3.69626e-25 0.00406876
3.71462e-25 0.00396465
3.73307e-25 0.00270594
3.75161e-25 0.000643831
3.77024e-25 -0.00160963
3.78897e-25 -0.00335726
3.80779e-25 -0.00403411
3.8267e-25 -0.00340019
3.8457e-25 -0.00164079
3.8648e-25 0.000671249
3.884e-25 0.00275035
3.90329e-25 0.00386303
3.92267e-25 0.00359506
3.94215e-25 0.00202084
3.96173e-25 -0.000296325
3.98141e-25 -0.00249165
4.00118e-25 -0.00371742
4.02105e-25 -0.00347759
4.04103e-25 -0.00184632
4.0611e-25 0.000533034
4.08126e-25 0.00268588
4.10153e-25 0.00370156
4.1219e-25 0.00312937
4.14238e-25 0.00119784
4.16295e-25 -0.00125319
4.18362e-25 -0.00312362
4.2044e-25 -0.00354785
4.22528e-25 -0.00231023
4.24627e-25 2.108e-05
4.26736e-25 0.00233384
4.28855e-25 0.00349388
4.30985e-25 0.00291046
4.33126e-25 0.000861103
4.35277e-25 -0.00161481
4.37439e-25 -0.00322712
4.39611e-25 -0.00311125
4.41794e-25 -0.00131369
4.43989e-25 0.00119663
4.46194e-25 0.0030296
4.4841e-25 0.00314458
4.50637e-25 0.00146153
4.52875e-25 -0.00105444
4.55124e-25 -0.00292308
4.57384e-25 -0.00301934
4.59656e-25 -0.00127146
4.61939e-25 0.00125412
4.64233e-25 0.00298046
4.66539e-25 0.00280527
4.68856e-25 0.000829537
4.71184e-25 -0.00166478
4.73525e-25 -0.00302594
4.75876e-25 -0.0023314
4.7824e-25 -4.41716e-05
4.80615e-25 0.00226119
4.83002e-25 0.00296756
4.85401e-25 0.0015649
4.87812e-25 -0.000944027
4.90234e-25 -0.0027297
4.92669e-25 -0.00246557
4.95116e-25 -0.000342226
4.97575e-25 0.00203062
5.00046e-25 0.00282349
5.0253e-25 0.00141149
5.05025e-25 -0.0010929
5.07534e-25 -0.00268261
5.10054e-25 -0.00206218
5.12587e-25 0.000262598
5.15133e-25 0.00235548
5.17692e-25 0.00244709
5.20263e-25 0.00045534
5.22847e-25 -0.00189548
5.25443e-25 -0.00254129
5.28053e-25 -0.000905032
5.30676e-25 0.00154225
5.33311e-25 0.00256979
5.3596e-25 0.00122785
5.38622e-25 -0.00123052
5.41297e-25 -0.00247873
5.43985e-25 -0.00132042
5.46687e-25 0.00112207
5.49402e-25 0.00245097
5.52131e-25 0.00134627
5.54873e-25 -0.00108057
5.57629e-25 -0.00235881
5.60398e-25 -0.001172
5.63181e-25 0.00124166
5.65978e-25 0.00233621
5.68789e-25 0.000944433
5.71614e-25 -0.00142818
5.74453e-25 -0.00218904
5.77306e-25 -0.000498153
5.80173e-25 0.00175113
5.83055e-25 0.00201499
5.8595e-25 -6.04407e-06
5.88861e-25 -0.00196986
5.91785e-25 -0.00157811
5.94724e-25 0.000702448
5.97678e-25 0.00213946
6.00646e-25 0.000994734
6.0363e-25 -0.00132576
6.06627e-25 -0.00194809
6.0964e-25 -9.53226e-05
6.12668e-25 0.00188342
6.15711e-25 0.00145754
6.18769e-25 -0.000818592
6.21842e-25 -0.00196433
6.2493e-25 -0.000468078
6.28034e-25 0.00166784
6.31153e-25 0.00155687
6.34288e-25 -0.000644034
6.37438e-25 -0.00189596
6.40604e-25 -0.000453547
6.43785e-25 0.00164508
6.46983e-25 0.00141234
6.50196e-25 -0.000813971
6.53425e-25 -0.0017921
6.5667e-25 -8.84947e-05
6.59932e-25 0.00176583
6.63209e-25 0.000988997
6.66503e-25 -0.00123617
6.69813e-25 -0.00150372
6.7314e-25 0.000598783
6.76483e-25 0.00178327
6.79843e-25 0.000185174
6.83219e-25 -0.00164742
6.86613e-25 -0.000763572
6.90023e-25 0.00139486
6.9345e-25 0.00128718
6.96894e-25 -0.00090704
7.00355e-25 -0.00151092
7.03833e-25 0.000491147
7.07329e-25 0.00168356
7.10842e-25 1.15181e-05
7.14372e-25 -0.00161093
7.1792e-25 -0.000338689
7.21486e-25 0.00157268
7.25069e-25 0.000701382
7.2867e-25 -0.00137296
7.32289e-25 -0.000870381
7.35926e-25 0.00128248
7.39581e-25 0.00108612
7.43254e-25 -0.00108684
7.46945e-25 -0.00112484
7.50655e-25 0.0010401
7.54383e-25 0.00123844
7.5813e-25 -0.000912903
7.61895e-25 -0.00119004
7.65679e-25 0.000947485
7.69482e-25 0.00123456
7.73304e-25 -0.000905412
7.77144e-25 -0.00111816
7.81004e-25 0.00102301
7.84883e-25 0.00109198
7.88781e-25 -0.00104995
7.92698e-25 -0.000894253
7.96635e-25 0.00122135
8.00592e-25 0.000766933
8.04568e-25 -0.00126458
8.08564e-25 -0.000455763
8.1258e-25 0.0014126
8.16615e-25 0.000203262
8.20671e-25 -0.0013699
8.24747e-25 0.000225348
8.28843e-25 0.00136024
8.32959e-25 -0.000552197
8.37096e-25 -0.00109395
8.41254e-25 0.000985973
8.45432e-25 0.000801727
8.49631e-25 -0.00119059
8.5385e-25 -0.000248688
8.58091e-25 0.00135108
8.62353e-25 -0.000256514
8.66636e-25 -0.00113563
8.7094e-25 0.000864024
8.75265e-25 0.000773078
8.79612e-25 -0.00115579
8.83981e-25 -7.18975e-05
8.88371e-25 0.00125541
8.92783e-25 -0.000552435
8.97217e-25 -0.000826629
9.01674e-25 0.00112563
9.06152e-25 0.000193195
9.10652e-25 -0.00113848
9.15175e-25 0.000649536
9.1972e-25 0.000757683
9.24288e-25 -0.00107474
9.28878e-25 0.000119018
9.33492e-25 0.00105227
9.38128e-25 -0.000823992
9.42787e-25 -0.00029629
9.47469e-25 0.00113305
9.52175e-25 -0.000546494
9.56904e-25 -0.000553144
9.61657e-25 0.00109967
9.66433e-25 -0.000331506
9.71232e-25 -0.00067692
9.76056e-25 0.00103669
9.80904e-25 -0.000213839
9.85775e-25 -0.000706079
9.90671e-25 0.000992745
9.95591e-25 -0.000200334
1.00054e-24 -0.000662533
1.00551e-24 0.000979248
1.0105e-24 -0.000285201
1.01552e-24 -0.000544613
1.02056e-24 0.000974416
1.02563e-24 -0.000450691
1.03072e-24 -0.000334385
1.03584e-24 0.000926846
1.04099e-24 -0.000655068
1.04616e-24 -1.79323e-05
1.05135e-24 0.000763995
1.05657e-24 -0.000815039
1.06182e-24 0.000378363
1.0671e-24 0.000421551
1.0724e-24 -0.000802731
1.07772e-24 0.000743448
1.08307e-24 -9.08817e-05
1.08845e-24 -0.000493882
1.09386e-24 0.000870361
1.09929e-24 -0.000605207
1.10475e-24 0.000105023
1.11024e-24 0.000555514
1.11575e-24 -0.000786476
1.12129e-24 0.00070796
1.12686e-24 -0.00015459
1.13246e-24 -0.000353542
1.13808e-24 0.000797719
1.14374e-24 -0.000750264
1.14942e-24 0.000480502
1.15512e-24 0.000111924
1.16086e-24 -0.000535971
1.16663e-24 0.000854652
1.17242e-24 -0.000718332
1.17824e-24 0.000427783
1.1841e-24 0.00013057
1.18998e-24 -0.000518673
1.19589e-24 0.000845446
1.20183e-24 -0.000783109
1.20779e-24 0.000605002
1.21379e-24 -0.000135718
1.21982e-24 -0.000251338
1.22588e-24 0.000690578
1.23197e-24 -0.00083236
1.23809e-24 0.000885628
1.24424e-24 -0.000615441
1.25042e-24 0.000340593
1.25663e-24 0.000112405
1.26287e-24 -0.000419817
1.26914e-24 0.000774058
1.27544e-24 -0.000874496
1.28178e-24 0.000943396
1.28814e-24 -0.0007474
1.29454e-24 0.000580977
1.30097e-24 -0.000235691
1.30743e-24 -1.59391e-05
1.31392e-24 0.000389141
1.32045e-24 -0.000589917
1.32701e-24 0.000830807
1.3336e-24 -0.000878791
1.34022e-24 0.00099549
1.34688e-24 -0.000923512
1.35357e-24 0.000895364
1.36029e-24 -0.000705968
1.36705e-24 0.000633272
1.37383e-24 -0.000427003
1.38066e-24 0.000309947
1.38752e-24 -8.03778e-05
1.39441e-24 9.94902e-06
1.40133e-24 0.000167849
1.40829e-24 -0.000243296
1.41529e-24 0.000405243
1.42231e-24 -0.000400042
1.42938e-24 0.000516322
1.43648e-24 -0.000530688
1.44361e-24 0.000610858
1.45078e-24 -0.000544319
1.45799e-24 0.000623703
1.46523e-24 -0.000578728
1.47251e-24 0.000584957
1.47982e-24 -0.000488833
1.48717e-24 0.000531282
1.49455e-24 -0.000401389
1.50198e-24 0.00034992
1.50944e-24 -0.000231895
1.51693e-24 0.000186209
1.52447e-24 3.27728e-05
1.53204e-24 -0.000100161
1.53965e-24 0.000272705
1.54729e-24 -0.000407296
1.55498e-24 0.000598447
1.5627e-24 -0.000629939
1.57046e-24 0.000808202
1.57826e-24 -0.000806636
1.5861e-24 0.00080017
1.59398e-24 -0.000701127
1.60189e-24 0.000609891
1.60985e-24 -0.000295812
1.61785e-24 0.000121611
1.62588e-24 0.000197994
1.63396e-24 -0.000450538
1.64207e-24 0.000644166
1.65023e-24 -0.00067752
1.65842e-24 0.000714445
1.66666e-24 -0.000425554
1.67494e-24 0.000202404
1.68325e-24 0.000156212
1.69161e-24 -0.000460838
1.70002e-24 0.000634178
1.70846e-24 -0.000577758
1.71694e-24 0.000456518
1.72547e-24 -8.30624e-06
1.73404e-24 -0.00026658
1.74265e-24 0.000559489
1.75131e-24 -0.000579902
1.76001e-24 0.000338907
1.76875e-24 3.36756e-05
1.77753e-24 -0.000369177
1.78636e-24 0.000605691
1.79523e-24 -0.000364478
1.80415e-24 0.000106038
1.81311e-24 0.000387392
1.82211e-24 -0.000519033
1.83116e-24 0.000365781
1.84026e-24 1.95189e-05
1.8494e-24 -0.000446329
1.85858e-24 0.000482583
1.86781e-24 -0.000179433
1.87709e-24 -0.000243909
1.88641e-24 0.000553335
1.89578e-24 -0.000231823
1.9052e-24 -0.000100534
1.91466e-24 0.00056005
1.92417e-24 -0.000256128
1.93372e-24 -0.00010704
1.94333e-24 0.000515024
1.95298e-24 -0.000261482
1.96268e-24 -0.000230039
1.97243e-24 0.000452478
1.98222e-24 -0.000186496
1.99207e-24 -0.000396683
2.00196e-24 0.000350031
2.0119e-24 5.81871e-06
2.0219e-24 -0.000512527
2.03194e-24 0.00013053
2.04203e-24 0.000251769
2.05217e-24 -0.000441276
2.06236e-24 -0.000220353
2.07261e-24 0.000341296
2.0829e-24 -0.000103067
2.09324e-24 -0.000485429
2.10364e-24 5.37391e-05
2.11409e-24 0.000262545
2.12459e-24 -0.000304593
2.13514e-24 -0.000404154
2.14574e-24 0.000138841
2.1564e-24 0.000184262
2.16711e-24 -0.000322095
2.17787e-24 -0.000351597
2.18869e-24 0.000140385
2.19956e-24 0.000249115
2.21048e-24 -0.000148206
2.22146e-24 -0.000271897
2.23249e-24 0.000123636
2.24358e-24 0.00040831
2.25473e-24 0.000192498
2.26592e-24 -0.000112835
2.27718e-24 -3.09162e-05
2.28849e-24 0.00027415
2.29985e-24 0.000321232
2.31127e-24 8.99612e-06
2.32275e-24 -0.000295586
2.33429e-24 -0.000280118
2.34588e-24 -3.61663e-05
2.35753e-24 0.000127737
2.36924e-24 6.8496e-05
2.38101e-24 -7.1159e-05
2.39283e-24 -7.85941e-05
2.40472e-24 8.14822e-05
2.41666e-24 0.000247758
2.42866e-24 0.000241888
2.44073e-24 3.92126e-05
2.45285e-24 -0.000207552
2.46503e-24 -0.000307435
2.47727e-24 -0.000176482
2.48958e-24 9.1057e-05
2.50194e-24 0.00030018
2.51437e-24 0.000298897
2.52685e-24 9.58795e-05
2.5394e-24 -0.000138975
2.55202e-24 -0.000218415
2.56469e-24 -9.8078e-05
2.57743e-24 6.58357e-05
2.59023e-24 8.37721e-05
2.60309e-24 -5.55742e-05
2.61602e-24 -0.000144207
2.62901e-24 2.45848e-06
2.64207e-24 0.000278223
2.65519e-24 0.000354264
2.66838e-24 9.94801e-05
2.68163e-24 -0.00019126
2.69495e-24 -0.000153213
2.70834e-24 0.000110991
2.72179e-24 0.000139751
2.7353e-24 -0.000167938
2.74889e-24 -0.000330875
2.76254e-24 -6.4098e-05
2.77626e-24 0.000179982
2.79005e-24 -3.52144e-05
2.80391e-24 -0.000292616
2.81783e-24 -6.58285e-05
2.83183e-24 0.000223633
2.84589e-24 -9.0764e-06
2.86003e-24 -0.00026696
2.87423e-24 2.48195e-05
2.88851e-24 0.000225403
2.90285e-24 -0.000133354
2.91727e-24 -0.000214898
2.93176e-24 0.000180471
2.94632e-24 6.47513e-05
2.96095e-24 -0.000284333
2.97566e-24 3.71382e-05
2.99043e-24 0.00017398
3.00529e-24 -0.000249333
3.02021e-24 -4.50954e-05
3.03521e-24 0.00022815
3.05029e-24 -0.000196079
3.06544e-24 -2.63018e-05
3.08066e-24 0.000261548
3.09596e-24 -0.000181862
3.11134e-24 5.3612e-05
3.12679e-24 0.000214307
3.14232e-24 -0.000230116
3.15792e-24 0.000143528
3.17361e-24 3.91648e-05
3.18937e-24 -0.00020749
3.20521e-24 0.000227995
3.22113e-24 -0.000146909
3.23713e-24 3.4554e-05
3.2532e-24 0.00014319
3.26936e-24 -0.000181669
3.2856e-24 0.000212034
3.30192e-24 -0.000157603
3.31832e-24 6.42095e-05
3.3348e-24 3.51079e-05
3.35136e-24 -8.87464e-05
3.368e-24 0.000173856
3.38473e-24 -0.000175191
3.40154e-24 0.000181983
3.41843e-24 -0.000162609
3.43541e-24 0.000149333
3.45247e-24 -9.39317e-05
3.46962e-24 8.69265e-05
3.48685e-24 -5.17075e-05
3.50417e-24 4.05903e-05
3.52157e-24 -1.16585e-05
3.53906e-24 2.96476e-05
3.55664e-24 -1.82282e-05
3.5743e-24 3.87676e-05
3.59206e-24 -4.44751e-05
3.6099e-24 8.92547e-05
3.62782e-24 -0.000107027
3.64584e-24 0.000149658
3.66395e-24 -0.000163066
3.68215e-24 0.000195713
3.70043e-24 -0.000180386
3.71881e-24 0.000161798
3.73728e-24 -8.79258e-05
3.75584e-24 2.17268e-05
3.7745e-24 7.37268e-05
3.79324e-24 -0.000124676
3.81208e-24 0.000161151
3.83101e-24 -0.000119223
3.85004e-24 5.5881e-05
3.86916e-24 4.88005e-05
3.88838e-24 -0.000103815
3.90769e-24 0.00012463
3.9271e-24 -5.71368e-05
3.9466e-24 -2.01033e-05
3.9662e-24 0.000102004
3.9859e-24 -9.25861e-05
4.0057e-24 3.08525e-05
4.02559e-24 7.90159e-05
4.04558e-24 -0.000102509
4.06568e-24 3.63069e-05
4.08587e-24 9.53508e-05
4.10616e-24 -0.000101837
4.12656e-24 -1.7057e-05
4.14705e-24 0.00013487
4.16765e-24 -3.35471e-05
4.18835e-24 -0.000116094
4.20915e-24 7.79074e-05
4.23005e-24 0.000116652
4.25106e-24 -7.51891e-05
4.27217e-24 -0.000107909
4.29339e-24 6.69673e-05
4.31471e-24 0.000125295
4.33614e-24 -1.46654e-05
4.35768e-24 -0.000111815
4.37932e-24 -3.42738e-05
4.40107e-24 8.30649e-05
4.42293e-24 8.58924e-05
4.4449e-24 -2.8246e-06
4.46697e-24 -6.39248e-05
4.48916e-24 -4.3681e-05
4.51145e-24 1.31785e-05
4.53386e-24 4.32253e-05
4.55638e-24 2.94987e-05
4.579e-24 -8.34964e-07
4.60175e-24 -1.5473e-05
4.6246e-24 -4.43708e-06
4.64757e-24 1.94792e-05
4.67065e-24 3.74047e-05
4.69385e-24 3.8444e-05
4.71716e-24 2.26567e-05
4.74059e-24 -2.61917e-06
4.76413e-24 -2.82286e-05
4.78779e-24 -4.84907e-05
4.81157e-24 -6.04414e-05
4.83547e-24 -6.54632e-05
4.85948e-24 -6.48658e-05
4.88362e-24 -6.18948e-05
4.90787e-24 -5.79594e-05
4.93225e-24 -5.47469e-05
4.95674e-24 -5.20083e-05
4.98136e-24 -5.01275e-05
5.0061e-24 -4.73029e-05
5.03097e-24 -4.24157e-05
5.05595e-24 -3.41731e-05
5.08106e-24 -2.19583e-05
5.1063e-24 -6.19218e-06
5.13166e-24 1.02662e-05
5.15714e-24 1.58663e-05
5.18276e-24 2.46065e-05
5.2085e-24 3.70415e-06
5.23437e-24 -1.50643e-05
5.26036e-24 -1.76022e-05
5.28649e-24 -1.86065e-05
5.31274e-24 9.6986e-06
5.33913e-24 4.8642e-05
5.36565e-24 4.76751e-05
5.39229e-24 -1.63188e-06
5.41908e-24 -5.11657e-05
5.44599e-24 -3.90062e-05
5.47304e-24 2.26363e-05
5.50022e-24 5.93294e-05
5.52754e-24 1.82905e-05
5.55499e-24 -4.58311e-05
5.58258e-24 -2.75894e-05
5.6103e-24 4.34779e-05
5.63817e-24 3.2748e-05
5.66617e-24 -3.74928e-05
5.69431e-24 -1.62935e-05
5.72259e-24 4.51023e-05
5.75101e-24 2.93414e-06
5.77957e-24 -3.11534e-05
5.80828e-24 2.12894e-05
5.83713e-24 5.9168e-06
5.86612e-24 -1.27343e-05
5.89525e-24 3.0224e-05
5.92453e-24 -1.56407e-05
5.95395e-24 -6.7647e-06
5.98352e-24 2.40974e-05
6.01324e-24 -2.83846e-05
6.04311e-24 3.75184e-05
6.07312e-24 -1.01031e-05
6.10328e-24 -5.61012e-06
6.13359e-24 2.07923e-05
6.16406e-24 -3.51292e-05
6.19467e-24 4.34719e-05
6.22544e-24 -3.35379e-05
6.25635e-24 4.54558e-05
6.28743e-24 -3.59815e-05
6.31865e-24 3.32675e-05
6.35003e-24 -3.52408e-05
6.38157e-24 3.53206e-05
6.41327e-24 -3.04048e-05
6.44512e-24 3.62438e-05
6.47713e-24 -1.94449e-05
6.5093e-24 2.00558e-05
6.54162e-24 -2.07871e-06
6.57411e-24 -1.83191e-05
6.60676e-24 2.29986e-05
6.63958e-24 -2.61494e-05
6.67255e-24 2.09337e-05
6.70569e-24 1.80079e-05
6.739e-24 -1.90996e-05
6.77246e-24 2.5817e-05
6.8061e-24 7.32798e-08
6.8399e-24 -3.00356e-05
6.87387e-24 1.27304e-05
6.90801e-24 8.30736e-06
6.94232e-24 -2.47974e-05
6.9768e-24 -3.44989e-06
7.01145e-24 1.97429e-05
7.04627e-24 -2.24995e-06
7.08127e-24 -2.50119e-05
7.11644e-24 -1.51515e-05
7.15178e-24 3.81677e-06
7.1873e-24 4.22336e-06
7.223e-24 -9.33584e-06
7.25887e-24 -1.73873e-05
7.29492e-24 -1.10451e-05
7.33115e-24 4.97997e-06
7.36756e-24 1.88147e-05
7.40415e-24 2.41589e-05
7.44093e-24 1.75786e-05
7.47788e-24 1.68618e-06
7.51502e-24 -1.45368e-05
7.55234e-24 -1.93852e-05
7.58985e-24 -6.78714e-06
7.62755e-24 9.10947e-06
7.66543e-24 8.00226e-06
7.7035e-24 -9.24671e-06
7.74176e-24 -1.44456e-05
7.78021e-24 1.23306e-06
7.81885e-24 7.52131e-06
7.85768e-24 -1.04114e-05
7.89671e-24 -1.41601e-05
7.93593e-24 7.77621e-06
7.97534e-24 4.60264e-06
8.01495e-24 -9.48574e-06
8.05476e-24 1.27152e-05
8.09476e-24 8.73335e-06
8.13496e-24 -7.12455e-06
8.17537e-24 1.32742e-05
8.21597e-24 -6.84601e-06
8.25677e-24 -4.36933e-07
8.29778e-24 3.6763e-06
8.33899e-24 -7.84702e-06
8.38041e-24 6.96781e-06
8.42203e-24 -7.3865e-06
8.46386e-24 7.89882e-06
8.50589e-24 -3.02222e-06
8.54814e-24 9.0629e-06
8.59059e-24 -3.21767e-06
8.63326e-24 1.02367e-05
8.67614e-24 -5.5263e-06
8.71923e-24 7.81071e-06
8.76253e-24 -4.21403e-06
8.80605e-24 -1.24505e-06
8.84978e-24 3.71885e-06
8.89374e-24 -7.35135e-06
8.93791e-24 3.25382e-06
8.9823e-24 1.83979e-06
9.02691e-24 -3.10078e-06
9.07174e-24 5.43568e-06
9.1168e-24 4.68635e-06
9.16207e-24 -1.62877e-06
9.20758e-24 2.63829e-06
9.25331e-24 7.30597e-06
9.29926e-24 2.10589e-06
9.34545e-24 -4.41649e-06
9.39186e-24 -4.55397e-06
9.43851e-24 -2.1613e-07
9.48538e-24 2.94308e-06
9.53249e-24 3.1906e-06
9.57984e-24 1.67923e-06
9.62742e-24 6.93334e-07
9.67523e-24 5.50844e-07
9.72328e-24 1.03244e-06
9.77157e-24 1.96676e-06
9.8201e-24 2.41403e-06
9.86888e-24 2.76848e-06
9.91789e-24 2.6471e-06
9.96715e-24 1.8641e-06
1.00166e-23 8.24046e-07
1.00664e-23 -7.46139e-08
1.01164e-23 -1.06587e-06
1.01666e-23 -3.31436e-06
1.02171e-23 -1.64718e-07
1.02679e-23 7.63717e-09
1.03189e-23 1.89954e-06
1.03701e-23 -1.09849e-06
1.04216e-23 -7.59752e-07
1.04734e-23 -3.4545e-07
1.05254e-23 5.03594e-06
1.05777e-23 1.87729e-06
1.06302e-23 -7.41769e-07
1.0683e-23 3.35284e-06
1.07361e-23 2.31547e-06
1.07894e-23 1.08891e-07
1.0843e-23 2.05296e-06
1.08968e-23 -1.92243e-07
1.09509e-23 -1.34553e-07
1.10053e-23 1.12361e-06
1.106e-23 -2.21878e-06
1.11149e-23 -7.8689e-08
1.11701e-23 -2.50243e-07
1.12256e-23 6.16905e-07
1.12813e-23 -2.35186e-06
1.13374e-23 1.96525e-06
1.13937e-23 1.17489e-06
1.14503e-23 2.13423e-07
1.15071e-23 1.41143e-06
1.15643e-23 3.73365e-07
1.16217e-23 4.01432e-06
1.16794e-23 1.45086e-06
1.17374e-23 -7.51208e-07
1.17957e-23 1.87937e-06
1.18543e-23 2.57217e-06
1.19132e-23 7.83099e-08
1.19724e-23 -1.42625e-06
1.20318e-23 -9.65561e-07
1.20916e-23 3.7325e-07
1.21516e-23 6.69181e-07
1.2212e-23 -3.38895e-07
1.22726e-23 -1.64804e-06
1.23336e-23 -1.53348e-06
1.23948e-23 -2.5442e-07
1.24564e-23 1.15209e-06
1.25183e-23 1.12713e-06
1.25804e-23 2.69322e-08
1.26429e-23 -6.26392e-07
1.27057e-23 5.66113e-07
1.27688e-23 1.94733e-06
1.28322e-23 1.66302e-06
1.2896e-23 1.3624e-06
1.296e-23 1.64764e-06
1.30244e-23 -1.57206e-08
1.30891e-23 -2.37972e-07
1.31541e-23 7.83072e-07
1.32194e-23 4.58148e-07
1.3285e-23 1.29201e-06
1.3351e-23 3.51784e-07
1.34173e-23 -2.86842e-07
1.3484e-23 -1.20246e-06
1.35509e-23 -1.01653e-06
1.36182e-23 -4.14211e-07
1.36859e-23 -1.43117e-07
1.37538e-23 8.45095e-07
1.38222e-23 5.86308e-07
1.38908e-23 -1.68863e-07
1.39598e-23 2.50312e-07
1.40291e-23 -3.37777e-07
1.40988e-23 -1.84015e-07
1.41688e-23 9.04235e-07
1.42392e-23 1.71129e-06
1.43099e-23 1.7523e-06
1.4381e-23 8.57615e-07
1.44524e-23 2.88861e-07
1.45242e-23 3.60983e-07
1.45963e-23 3.18929e-07
1.46688e-23 4.05661e-07
1.47417e-23 8.62995e-07
1.48149e-23 1.20844e-06
1.48885e-23 1.15639e-06
1.49624e-23 1.27778e-06
1.50367e-23 6.29313e-07
1.51114e-23 -8.58479e-08
1.51864e-23 -8.12272e-07
1.52619e-23 -9.7019e-07
1.53377e-23 -1.06162e-06
1.54138e-23 -7.31433e-07
1.54904e-23 3.51181e-07
1.55673e-23 5.78946e-07
1.56446e-23 -1.27806e-07
1.57223e-23 1.14256e-06
1.58004e-23 4.207e-07
1.58789e-23 1.77153e-07
1.59578e-23 1.07474e-09
1.6037e-23 3.57685e-07
1.61167e-23 -2.98136e-07
1.61967e-23 9.07144e-07
1.62771e-23 1.28492e-07
1.6358e-23 1.39303e-06
1.64392e-23 8.76048e-07
1.65209e-23 9.00793e-07
1.66029e-23 1.54171e-06
1.66854e-23 1.30146e-07
1.67683e-23 4.6018e-07
1.68515e-23 3.9655e-07
1.69352e-23 -6.1868e-07
1.70193e-23 -2.28753e-07
1.71039e-23 2.04063e-07
1.71888e-23 -3.85992e-07
1.72742e-23 -1.56094e-07
1.736e-23 5.47831e-07
1.74462e-23 3.76914e-07
1.75328e-23 -2.56444e-07
1.76199e-23 -9.0152e-08
1.77074e-23 1.81438e-07
1.77954e-23 -1.6058e-07
1.78837e-23 -7.8182e-07
1.79726e-23 -5.71739e-07
1.80618e-23 1.42225e-07
1.81515e-23 -1.8499e-07
1.82417e-23 -2.27873e-07
1.83323e-23 -5.87075e-08
1.84233e-23 7.82315e-07
1.85148e-23 9.02819e-07
1.86068e-23 9.27738e-07
1.86992e-23 3.18991e-07
1.87921e-23 3.61161e-07
1.88854e-23 8.40412e-07
1.89792e-23 7.15214e-07
1.90734e-23 2.11587e-07
1.91682e-23 1.75093e-08
1.92634e-23 2.14562e-08
1.9359e-23 7.89432e-08
1.94552e-23 4.79246e-07
1.95518e-23 2.90333e-07
1.96489e-23 3.83857e-08
1.97465e-23 -2.01829e-07
1.98446e-23 -2.96116e-07
1.99431e-23 -6.1626e-08
2.00422e-23 2.00356e-07
2.01417e-23 4.20136e-07
2.02418e-23 3.4529e-07
2.03423e-23 8.21038e-08
2.04433e-23 -4.76445e-07
2.05449e-23 -7.09125e-07
2.06469e-23 -4.68082e-07
2.07494e-23 -8.34807e-08
2.08525e-23 -3.80094e-08
2.09561e-23 -5.09662e-09
2.10601e-23 -3.88205e-07
2.11647e-23 -1.98957e-07
2.12698e-23 -1.97072e-07
2.13755e-23 -3.25429e-09
2.14816e-23 3.15655e-07
2.15883e-23 4.61692e-07
2.16955e-23 6.59787e-07
2.18033e-23 2.26265e-07
2.19116e-23 4.93478e-07
2.20204e-23 2.95888e-08
2.21298e-23 1.43246e-07
2.22397e-23 -2.3259e-07
2.23501e-23 3.55192e-08
2.24611e-23 3.15019e-07
2.25727e-23 6.52856e-08
2.26848e-23 6.13778e-07
2.27975e-23 7.66349e-08
2.29107e-23 -3.01003e-08
2.30245e-23 3.6738e-07
2.31388e-23 -6.49072e-09
2.32537e-23 1.50561e-07
2.33692e-23 4.50402e-07
2.34853e-23 6.6793e-07
2.36019e-23 2.1482e-07
2.37192e-23 4.95155e-07
2.3837e-23 6.95253e-07
2.39553e-23 8.52809e-08
2.40743e-23 -3.6212e-07
2.41939e-23 -9.77863e-08
2.4314e-23 5.54227e-08
2.44348e-23 -6.91501e-08
2.45562e-23 -2.35619e-07
2.46781e-23 -1.06186e-07
2.48007e-23 2.15593e-07
2.49239e-23 2.50708e-07
2.50476e-23 5.29462e-08
2.5172e-23 -6.96114e-08
2.52971e-23 -3.92231e-08
2.54227e-23 -4.08138e-08
2.5549e-23 4.37063e-08
2.56758e-23 -8.27013e-08
2.58034e-23 -2.6346e-07
2.59315e-23 3.49847e-08
2.60603e-23 2.35968e-07
2.61897e-23 3.62038e-07
2.63198e-23 2.78355e-07
2.64505e-23 1.73682e-07
2.65819e-23 6.71972e-08
2.67139e-23 4.71955e-09
2.68466e-23 -3.40373e-08
2.69799e-23 1.37108e-07
2.71139e-23 -4.2919e-09
2.72486e-23 -2.0435e-07
2.73839e-23 -1.00926e-07
2.75199e-23 -2.67627e-07
2.76566e-23 1.10744e-07
2.77939e-23 3.00857e-08
2.7932e-23 4.51019e-07
2.80707e-23 3.12954e-07
2.82101e-23 3.24587e-07
2.83502e-23 2.06395e-07
2.8491e-23 7.0528e-09
2.86325e-23 2.99834e-07
2.87747e-23 1.26188e-07
2.89176e-23 2.57034e-07
2.90613e-23 3.59506e-07
2.92056e-23 7.53704e-08
2.93506e-23 2.66653e-07
2.94964e-23 2.49574e-07
2.96429e-23 7.23576e-08
2.97901e-23 8.27286e-08
2.99381e-23 3.92779e-07
3.00868e-23 3.3538e-07
3.02362e-23 1.27022e-07
3.03864e-23 4.03242e-08
3.05373e-23 1.63812e-07
3.06889e-23 2.00104e-08
3.08414e-23 -3.72248e-07
3.09945e-23 -2.50321e-07
3.11485e-23 -1.60574e-07
3.13032e-23 -5.36199e-08
3.14586e-23 -1.62452e-07
3.16149e-23 -7.62498e-08
3.17719e-23 3.94447e-08
3.19297e-23 1.37517e-07
3.20883e-23 1.12008e-07
3.22476e-23 -1.41589e-07
3.24078e-23 -1.3721e-07
