1.62039e-27 -2.75122e-29
1.62844e-27 -3.0376e-29
1.63652e-27 -3.35379e-29
1.64465e-27 -3.70288e-29
1.65282e-27 -4.08832e-29
1.66103e-27 -4.51386e-29
1.66928e-27 -4.9837e-29
1.67757e-27 -5.50244e-29
1.6859e-27 -6.07517e-29
1.69427e-27 -6.70751e-29
1.70269e-27 -7.40567e-29
1.71115e-27 -8.17648e-29
1.71964e-27 -9.02752e-29
1.72818e-27 -9.96713e-29
1.73677e-27 -1.10045e-28
1.74539e-27 -1.21499e-28
1.75406e-27 -1.34145e-28
1.76277e-27 -1.48106e-28
1.77153e-27 -1.63521e-28
1.78033e-27 -1.8054e-28
1.78917e-27 -1.9933e-28
1.79805e-27 -2.20076e-28
1.80698e-27 -2.42981e-28
1.81596e-27 -2.68269e-28
1.82498e-27 -2.96189e-28
1.83404e-27 -3.27014e-28
1.84315e-27 -3.61047e-28
1.8523e-27 -3.98622e-28
1.8615e-27 -4.40107e-28
1.87075e-27 -4.85909e-28
1.88004e-27 -5.36476e-28
1.88938e-27 -5.92307e-28
1.89876e-27 -6.53946e-28
1.90819e-27 -7.22e-28
1.91767e-27 -7.97135e-28
1.92719e-27 -8.80088e-28
1.93676e-27 -9.71673e-28
1.94638e-27 -1.07279e-27
1.95605e-27 -1.18442e-27
1.96576e-27 -1.30768e-27
1.97553e-27 -1.44375e-27
1.98534e-27 -1.59399e-27
1.9952e-27 -1.75985e-27
2.00511e-27 -1.94298e-27
2.01507e-27 -2.14515e-27
2.02507e-27 -2.36837e-27
2.03513e-27 -2.6148e-27
2.04524e-27 -2.88688e-27
2.0554e-27 -3.18726e-27
2.06561e-27 -3.5189e-27
2.07586e-27 -3.88503e-27
2.08617e-27 -4.28926e-27
2.09654e-27 -4.73555e-27
2.10695e-27 -5.22826e-27
2.11741e-27 -5.77223e-27
2.12793e-27 -6.37279e-27
2.1385e-27 -7.03583e-27
2.14912e-27 -7.76785e-27
2.15979e-27 -8.57602e-27
2.17052e-27 -9.46825e-27
2.1813e-27 -1.04533e-26
2.19213e-27 -1.15408e-26
2.20302e-27 -1.27415e-26
2.21396e-27 -1.4067e-26
2.22496e-27 -1.55305e-26
2.23601e-27 -1.71461e-26
2.24711e-27 -1.89298e-26
2.25827e-27 -2.08991e-26
2.26949e-27 -2.30731e-26
2.28076e-27 -2.54734e-26
2.29209e-27 -2.81232e-26
2.30347e-27 -3.10487e-26
2.31491e-27 -3.42784e-26
2.32641e-27 -3.78441e-26
2.33796e-27 -4.17806e-26
2.34957e-27 -4.61266e-26
2.36124e-27 -5.09245e-26
2.37297e-27 -5.62214e-26
2.38475e-27 -6.20692e-26
2.3966e-27 -6.85252e-26
2.4085e-27 -7.56525e-26
2.42046e-27 -8.35211e-26
2.43248e-27 -9.22079e-26
2.44456e-27 -1.01798e-25
2.45671e-27 -1.12386e-25
2.46891e-27 -1.24074e-25
2.48117e-27 -1.36978e-25
2.49349e-27 -1.51224e-25
2.50588e-27 -1.66951e-25
2.51832e-27 -1.84313e-25
2.53083e-27 -2.03481e-25
2.5434e-27 -2.24641e-25
2.55603e-27 -2.48002e-25
2.56872e-27 -2.73792e-25
2.58148e-27 -3.02263e-25
2.5943e-27 -3.33695e-25
2.60719e-27 -3.68394e-25
2.62014e-27 -4.06701e-25
2.63315e-27 -4.48991e-25
2.64623e-27 -4.95677e-25
2.65937e-27 -5.47216e-25
2.67258e-27 -6.04114e-25
2.68585e-27 -6.66926e-25
2.69919e-27 -7.36268e-25
2.71259e-27 -8.12819e-25
2.72607e-27 -8.97327e-25
2.73961e-27 -9.90619e-25
2.75321e-27 -1.09361e-24
2.76689e-27 -1.2073e-24
2.78063e-27 -1.33282e-24
2.79444e-27 -1.47138e-24
2.80832e-27 -1.62434e-24
2.82226e-27 -1.79319e-24
2.83628e-27 -1.9796e-24
2.85037e-27 -2.18538e-24
2.86452e-27 -2.41255e-24
2.87875e-27 -2.66333e-24
2.89305e-27 -2.94017e-24
2.90742e-27 -3.24578e-24
2.92186e-27 -3.58315e-24
2.93637e-27 -3.95557e-24
2.95095e-27 -4.3667e-24
2.96561e-27 -4.82055e-24
2.98034e-27 -5.32155e-24
2.99514e-27 -5.87462e-24
3.01001e-27 -6.48515e-24
3.02496e-27 -7.15912e-24
3.03999e-27 -7.90311e-24
3.05508e-27 -8.72441e-24
3.07026e-27 -9.63103e-24
3.08551e-27 -1.06318e-23
3.10083e-27 -1.17366e-23
3.11623e-27 -1.29562e-23
3.13171e-27 -1.43024e-23
3.14726e-27 -1.57885e-23
3.16289e-27 -1.7429e-23
3.1786e-27 -1.92399e-23
3.19439e-27 -2.12389e-23
3.21025e-27 -2.34455e-23
3.22619e-27 -2.58813e-23
3.24222e-27 -2.85701e-23
3.25832e-27 -3.15382e-23
3.2745e-27 -3.48145e-23
3.29077e-27 -3.84311e-23
3.30711e-27 -4.24232e-23
3.32353e-27 -4.683e-23
3.34004e-27 -5.16944e-23
3.35663e-27 -5.70639e-23
3.3733e-27 -6.2991e-23
3.39005e-27 -6.95335e-23
3.40689e-27 -7.67554e-23
3.42381e-27 -8.47271e-23
3.44081e-27 -9.35265e-23
3.4579e-27 -1.0324e-22
3.47508e-27 -1.13961e-22
3.49234e-27 -1.25795e-22
3.50968e-27 -1.38858e-22
3.52711e-27 -1.53277e-22
3.54463e-27 -1.69193e-22
3.56223e-27 -1.86761e-22
3.57993e-27 -2.06153e-22
3.59771e-27 -2.27557e-22
3.61557e-27 -2.51183e-22
3.63353e-27 -2.77261e-22
3.65158e-27 -3.06046e-22
3.66971e-27 -3.37818e-22
3.68794e-27 -3.72887e-22
3.70625e-27 -4.11595e-22
3.72466e-27 -4.5432e-22
3.74316e-27 -5.01478e-22
3.76175e-27 -5.5353e-22
3.78043e-27 -6.10982e-22
3.79921e-27 -6.74395e-22
3.81808e-27 -7.44388e-22
3.83704e-27 -8.21642e-22
3.8561e-27 -9.0691e-22
3.87525e-27 -1.00102e-21
3.89449e-27 -1.1049e-21
3.91384e-27 -1.21955e-21
3.93327e-27 -1.3461e-21
3.95281e-27 -1.48576e-21
3.97244e-27 -1.63992e-21
3.99217e-27 -1.81006e-21
4.012e-27 -1.99785e-21
4.03192e-27 -2.20511e-21
4.05195e-27 -2.43386e-21
4.07207e-27 -2.68634e-21
4.0923e-27 -2.96499e-21
4.11262e-27 -3.27253e-21
4.13304e-27 -3.61197e-21
4.15357e-27 -3.98659e-21
4.1742e-27 -4.40004e-21
4.19493e-27 -4.85636e-21
4.21577e-27 -5.35998e-21
4.2367e-27 -5.91581e-21
4.25775e-27 -6.52924e-21
4.27889e-27 -7.20625e-21
4.30014e-27 -7.95343e-21
4.3215e-27 -8.77805e-21
4.34296e-27 -9.68811e-21
4.36453e-27 -1.06925e-20
4.38621e-27 -1.18009e-20
4.40799e-27 -1.30242e-20
4.42988e-27 -1.43742e-20
4.45189e-27 -1.58641e-20
4.474e-27 -1.75084e-20
4.49622e-27 -1.9323e-20
4.51855e-27 -2.13255e-20
4.54099e-27 -2.35355e-20
4.56354e-27 -2.59743e-20
4.58621e-27 -2.86658e-20
4.60898e-27 -3.1636e-20
4.63187e-27 -3.49137e-20
4.65488e-27 -3.85309e-20
4.678e-27 -4.25226e-20
4.70123e-27 -4.69276e-20
4.72458e-27 -5.17886e-20
4.74804e-27 -5.71529e-20
4.77162e-27 -6.30725e-20
4.79532e-27 -6.96049e-20
4.81914e-27 -7.68134e-20
4.84307e-27 -8.47679e-20
4.86713e-27 -9.35457e-20
4.8913e-27 -1.03232e-19
4.91559e-27 -1.1392e-19
4.94e-27 -1.25715e-19
4.96454e-27 -1.3873e-19
4.9892e-27 -1.53091e-19
5.01397e-27 -1.68938e-19
5.03888e-27 -1.86424e-19
5.0639e-27 -2.05719e-19
5.08905e-27 -2.2701e-19
5.11433e-27 -2.50503e-19
5.13973e-27 -2.76425e-19
5.16525e-27 -3.05028e-19
5.19091e-27 -3.36588e-19
5.21669e-27 -3.71412e-19
5.2426e-27 -4.09836e-19
5.26863e-27 -4.52231e-19
5.2948e-27 -4.9901e-19
5.3211e-27 -5.50623e-19
5.34753e-27 -6.07571e-19
5.37408e-27 -6.70405e-19
5.40077e-27 -7.39731e-19
5.4276e-27 -8.16221e-19
5.45455e-27 -9.00614e-19
5.48164e-27 -9.93726e-19
5.50887e-27 -1.09646e-18
5.53623e-27 -1.2098e-18
5.56372e-27 -1.33485e-18
5.59136e-27 -1.47281e-18
5.61913e-27 -1.62503e-18
5.64703e-27 -1.79296e-18
5.67508e-27 -1.97823e-18
5.70326e-27 -2.18262e-18
5.73159e-27 -2.40812e-18
5.76006e-27 -2.65689e-18
5.78866e-27 -2.93135e-18
5.81741e-27 -3.23412e-18
5.84631e-27 -3.56814e-18
5.87534e-27 -3.93663e-18
5.90452e-27 -4.34314e-18
5.93385e-27 -4.79159e-18
5.96332e-27 -5.2863e-18
5.99293e-27 -5.83203e-18
6.0227e-27 -6.43405e-18
6.05261e-27 -7.09816e-18
6.08267e-27 -7.83075e-18
6.11288e-27 -8.63887e-18
6.14324e-27 -9.5303e-18
6.17375e-27 -1.05136e-17
6.20441e-27 -1.15983e-17
6.23523e-27 -1.27948e-17
6.26619e-27 -1.41146e-17
6.29731e-27 -1.55703e-17
6.32859e-27 -1.71761e-17
6.36002e-27 -1.89473e-17
6.39161e-27 -2.09009e-17
6.42335e-27 -2.30557e-17
6.45525e-27 -2.54325e-17
6.48731e-27 -2.8054e-17
6.51953e-27 -3.09454e-17
6.55191e-27 -3.41344e-17
6.58445e-27 -3.76518e-17
6.61715e-27 -4.15311e-17
6.65002e-27 -4.58097e-17
6.68305e-27 -5.05286e-17
6.71624e-27 -5.57329e-17
6.74959e-27 -6.14727e-17
6.78312e-27 -6.78029e-17
6.8168e-27 -7.47841e-17
6.85066e-27 -8.24832e-17
6.88468e-27 -9.09739e-17
6.91888e-27 -1.00338e-16
6.95324e-27 -1.10664e-16
6.98777e-27 -1.22051e-16
7.02248e-27 -1.34609e-16
7.05735e-27 -1.48457e-16
7.0924e-27 -1.63728e-16
7.12763e-27 -1.80568e-16
7.16303e-27 -1.99137e-16
7.1986e-27 -2.19613e-16
7.23436e-27 -2.42192e-16
7.27029e-27 -2.67089e-16
7.30639e-27 -2.94542e-16
7.34268e-27 -3.24812e-16
7.37915e-27 -3.58188e-16
7.4158e-27 -3.9499e-16
7.45263e-27 -4.35566e-16
7.48964e-27 -4.80305e-16
7.52684e-27 -5.29632e-16
7.56422e-27 -5.84017e-16
7.60179e-27 -6.43979e-16
7.63954e-27 -7.10086e-16
7.67748e-27 -7.8297e-16
7.71562e-27 -8.63322e-16
7.75393e-27 -9.51907e-16
7.79244e-27 -1.04957e-15
7.83115e-27 -1.15723e-15
7.87004e-27 -1.27592e-15
7.90913e-27 -1.40676e-15
7.94841e-27 -1.551e-15
7.98788e-27 -1.70999e-15
8.02755e-27 -1.88527e-15
8.06742e-27 -2.07847e-15
8.10749e-27 -2.29144e-15
8.14776e-27 -2.52619e-15
8.18822e-27 -2.78495e-15
8.22889e-27 -3.07016e-15
8.26976e-27 -3.38453e-15
8.31083e-27 -3.73103e-15
8.35211e-27 -4.11294e-15
8.39359e-27 -4.53386e-15
8.43527e-27 -4.99778e-15
8.47717e-27 -5.50908e-15
8.51927e-27 -6.07258e-15
8.56158e-27 -6.69361e-15
8.6041e-27 -7.37802e-15
8.64683e-27 -8.13227e-15
8.68978e-27 -8.96347e-15
8.73294e-27 -9.87945e-15
8.77631e-27 -1.08888e-14
8.8199e-27 -1.20011e-14
8.8637e-27 -1.32268e-14
8.90772e-27 -1.45774e-14
8.95196e-27 -1.60656e-14
8.99642e-27 -1.77054e-14
9.0411e-27 -1.95122e-14
9.08601e-27 -2.1503e-14
9.13113e-27 -2.36964e-14
9.17648e-27 -2.61131e-14
9.22206e-27 -2.87756e-14
9.26786e-27 -3.1709e-14
9.31389e-27 -3.49407e-14
9.36015e-27 -3.8501e-14
9.40663e-27 -4.24231e-14
9.45335e-27 -4.67439e-14
9.5003e-27 -5.15036e-14
9.54748e-27 -5.67468e-14
9.5949e-27 -6.25225e-14
9.64256e-27 -6.88844e-14
9.69045e-27 -7.58921e-14
9.73857e-27 -8.36108e-14
9.78694e-27 -9.21125e-14
9.83555e-27 -1.01476e-13
9.8844e-27 -1.1179e-13
9.93349e-27 -1.23148e-13
9.98282e-27 -1.35658e-13
1.00324e-26 -1.49434e-13
1.00822e-26 -1.64606e-13
1.01323e-26 -1.81314e-13
1.01826e-26 -1.99713e-13
1.02332e-26 -2.19973e-13
1.0284e-26 -2.42283e-13
1.03351e-26 -2.66849e-13
1.03864e-26 -2.93898e-13
1.0438e-26 -3.23681e-13
1.04898e-26 -3.56473e-13
1.05419e-26 -3.92576e-13
1.05943e-26 -4.32325e-13
1.06469e-26 -4.76086e-13
1.06998e-26 -5.24262e-13
1.07529e-26 -5.77298e-13
1.08063e-26 -6.35681e-13
1.086e-26 -6.9995e-13
1.09139e-26 -7.70695e-13
1.09682e-26 -8.48565e-13
1.10226e-26 -9.34278e-13
1.10774e-26 -1.02862e-12
1.11324e-26 -1.13245e-12
1.11877e-26 -1.24673e-12
1.12432e-26 -1.3725e-12
1.12991e-26 -1.51091e-12
1.13552e-26 -1.66323e-12
1.14116e-26 -1.83085e-12
1.14683e-26 -2.0153e-12
1.15252e-26 -2.21826e-12
1.15825e-26 -2.44158e-12
1.164e-26 -2.68731e-12
1.16978e-26 -2.95766e-12
1.17559e-26 -3.25511e-12
1.18143e-26 -3.58236e-12
1.1873e-26 -3.94237e-12
1.19319e-26 -4.33842e-12
1.19912e-26 -4.77409e-12
1.20507e-26 -5.25333e-12
1.21106e-26 -5.78049e-12
1.21707e-26 -6.36031e-12
1.22312e-26 -6.99805e-12
1.22919e-26 -7.69946e-12
1.2353e-26 -8.47087e-12
1.24143e-26 -9.31922e-12
1.2476e-26 -1.02522e-11
1.25379e-26 -1.12781e-11
1.26002e-26 -1.24062e-11
1.26628e-26 -1.36466e-11
1.27257e-26 -1.50105e-11
1.27889e-26 -1.651e-11
1.28524e-26 -1.81586e-11
1.29162e-26 -1.99711e-11
1.29804e-26 -2.19636e-11
1.30449e-26 -2.41539e-11
1.31096e-26 -2.65615e-11
1.31747e-26 -2.9208e-11
1.32402e-26 -3.21167e-11
1.33059e-26 -3.53137e-11
1.3372e-26 -3.88272e-11
1.34384e-26 -4.26885e-11
1.35052e-26 -4.69317e-11
1.35723e-26 -5.15945e-11
1.36397e-26 -5.6718e-11
1.37074e-26 -6.23474e-11
1.37755e-26 -6.85325e-11
1.38439e-26 -7.53277e-11
1.39127e-26 -8.27929e-11
1.39817e-26 -9.09936e-11
1.40512e-26 -1.00002e-10
1.4121e-26 -1.09897e-10
1.41911e-26 -1.20765e-10
1.42616e-26 -1.32701e-10
1.43324e-26 -1.4581e-10
1.44036e-26 -1.60207e-10
1.44751e-26 -1.76015e-10
1.4547e-26 -1.93374e-10
1.46193e-26 -2.12434e-10
1.46919e-26 -2.3336e-10
1.47648e-26 -2.56334e-10
1.48382e-26 -2.81555e-10
1.49119e-26 -3.09241e-10
1.49859e-26 -3.39631e-10
1.50604e-26 -3.72988e-10
1.51352e-26 -4.09598e-10
1.52103e-26 -4.49776e-10
1.52859e-26 -4.93867e-10
1.53618e-26 -5.4225e-10
1.54381e-26 -5.95338e-10
1.55148e-26 -6.53586e-10
1.55918e-26 -7.17491e-10
1.56692e-26 -7.87597e-10
1.57471e-26 -8.64501e-10
1.58253e-26 -9.48857e-10
1.59039e-26 -1.04138e-09
1.59829e-26 -1.14286e-09
1.60622e-26 -1.25414e-09
1.6142e-26 -1.37617e-09
1.62222e-26 -1.50998e-09
1.63027e-26 -1.6567e-09
1.63837e-26 -1.81755e-09
1.64651e-26 -1.99389e-09
1.65469e-26 -2.18719e-09
1.6629e-26 -2.39907e-09
1.67116e-26 -2.63129e-09
1.67946e-26 -2.8858e-09
1.6878e-26 -3.1647e-09
1.69619e-26 -3.47031e-09
1.70461e-26 -3.80516e-09
1.71308e-26 -4.17202e-09
1.72158e-26 -4.57392e-09
1.73013e-26 -5.01417e-09
1.73873e-26 -5.49639e-09
1.74736e-26 -6.02453e-09
1.75604e-26 -6.60292e-09
1.76476e-26 -7.23628e-09
1.77353e-26 -7.92978e-09
1.78234e-26 -8.68907e-09
1.79119e-26 -9.52031e-09
1.80008e-26 -1.04302e-08
1.80902e-26 -1.14262e-08
1.81801e-26 -1.25162e-08
1.82704e-26 -1.37092e-08
1.83611e-26 -1.50145e-08
1.84523e-26 -1.64428e-08
1.85439e-26 -1.80053e-08
1.8636e-26 -1.97147e-08
1.87286e-26 -2.15845e-08
1.88216e-26 -2.36296e-08
1.89151e-26 -2.58661e-08
1.9009e-26 -2.83117e-08
1.91034e-26 -3.09857e-08
1.91983e-26 -3.39092e-08
1.92937e-26 -3.71051e-08
1.93895e-26 -4.05984e-08
1.94858e-26 -4.44164e-08
1.95826e-26 -4.85887e-08
1.96798e-26 -5.31478e-08
1.97776e-26 -5.8129e-08
1.98758e-26 -6.35707e-08
1.99745e-26 -6.95149e-08
2.00737e-26 -7.60072e-08
2.01734e-26 -8.30973e-08
2.02736e-26 -9.08394e-08
2.03743e-26 -9.92924e-08
2.04755e-26 -1.0852e-07
2.05772e-26 -1.18594e-07
2.06794e-26 -1.29588e-07
2.07821e-26 -1.41585e-07
2.08853e-26 -1.54677e-07
2.0989e-26 -1.6896e-07
2.10932e-26 -1.84541e-07
2.1198e-26 -2.01535e-07
2.13033e-26 -2.2007e-07
2.14091e-26 -2.40281e-07
2.15154e-26 -2.62317e-07
2.16223e-26 -2.86339e-07
2.17297e-26 -3.12524e-07
2.18376e-26 -3.41061e-07
2.1946e-26 -3.72159e-07
2.2055e-26 -4.06041e-07
2.21646e-26 -4.42951e-07
2.22747e-26 -4.83156e-07
2.23853e-26 -5.26941e-07
2.24965e-26 -5.74619e-07
2.26082e-26 -6.26528e-07
2.27205e-26 -6.83035e-07
2.28333e-26 -7.44537e-07
2.29467e-26 -8.11466e-07
2.30607e-26 -8.8429e-07
2.31752e-26 -9.63514e-07
2.32903e-26 -1.04969e-06
2.3406e-26 -1.1434e-06
2.35222e-26 -1.24531e-06
2.36391e-26 -1.35609e-06
2.37565e-26 -1.47652e-06
2.38744e-26 -1.60739e-06
2.3993e-26 -1.7496e-06
2.41122e-26 -1.9041e-06
2.42319e-26 -2.07193e-06
2.43523e-26 -2.25419e-06
2.44732e-26 -2.45209e-06
2.45948e-26 -2.66694e-06
2.47169e-26 -2.90014e-06
2.48397e-26 -3.15322e-06
2.4963e-26 -3.42781e-06
2.5087e-26 -3.72569e-06
2.52116e-26 -4.04876e-06
2.53368e-26 -4.39909e-06
2.54627e-26 -4.7789e-06
2.55891e-26 -5.19058e-06
2.57162e-26 -5.63673e-06
2.58439e-26 -6.12011e-06
2.59723e-26 -6.64374e-06
2.61013e-26 -7.21083e-06
2.62309e-26 -7.82485e-06
2.63612e-26 -8.48956e-06
2.64921e-26 -9.20897e-06
2.66237e-26 -9.98741e-06
2.67559e-26 -1.08295e-05
2.68888e-26 -1.17403e-05
2.70223e-26 -1.27251e-05
2.71566e-26 -1.37897e-05
2.72914e-26 -1.49403e-05
2.7427e-26 -1.61836e-05
2.75632e-26 -1.75265e-05
2.77001e-26 -1.89769e-05
2.78377e-26 -2.05429e-05
2.79759e-26 -2.22332e-05
2.81148e-26 -2.40572e-05
2.82545e-26 -2.6025e-05
2.83948e-26 -2.81474e-05
2.85358e-26 -3.04359e-05
2.86776e-26 -3.29028e-05
2.882e-26 -3.55612e-05
2.89631e-26 -3.84252e-05
2.9107e-26 -4.15098e-05
2.92515e-26 -4.4831e-05
2.93968e-26 -4.8406e-05
2.95428e-26 -5.22529e-05
2.96895e-26 -5.63911e-05
2.9837e-26 -6.08414e-05
2.99852e-26 -6.56257e-05
3.01341e-26 -7.07674e-05
3.02837e-26 -7.62916e-05
3.04342e-26 -8.22247e-05
3.05853e-26 -8.85947e-05
3.07372e-26 -9.54317e-05
3.08899e-26 -0.000102767
3.10433e-26 -0.000110635
3.11975e-26 -0.00011907
3.13524e-26 -0.000128111
3.15081e-26 -0.000137797
3.16646e-26 -0.000148171
3.18219e-26 -0.000159278
3.19799e-26 -0.000171163
3.21387e-26 -0.000183877
3.22983e-26 -0.000197473
3.24588e-26 -0.000212006
3.262e-26 -0.000227534
3.2782e-26 -0.000244118
3.29448e-26 -0.000261822
3.31084e-26 -0.000280714
3.32728e-26 -0.000300865
3.34381e-26 -0.000322349
3.36042e-26 -0.000345245
3.37711e-26 -0.000369633
3.39388e-26 -0.000395598
3.41073e-26 -0.00042323
3.42767e-26 -0.000452621
3.4447e-26 -0.000483867
3.4618e-26 -0.00051707
3.479e-26 -0.000552333
3.49628e-26 -0.000589764
3.51364e-26 -0.000629476
3.53109e-26 -0.000671585
3.54863e-26 -0.00071621
3.56625e-26 -0.000763476
3.58396e-26 -0.000813509
3.60176e-26 -0.000866441
3.61965e-26 -0.000922407
3.63763e-26 -0.000981542
3.6557e-26 -0.00104399
3.67385e-26 -0.00110989
3.6921e-26 -0.00117939
3.71044e-26 -0.00125264
3.72886e-26 -0.00132978
3.74738e-26 -0.00141097
3.76599e-26 -0.00149637
3.7847e-26 -0.00158611
3.80349e-26 -0.00168035
3.82238e-26 -0.00177924
3.84137e-26 -0.00188293
3.86045e-26 -0.00199157
3.87962e-26 -0.00210529
3.89889e-26 -0.00222423
3.91825e-26 -0.00234853
3.93771e-26 -0.0024783
3.95727e-26 -0.00261367
3.97692e-26 -0.00275473
3.99667e-26 -0.0029016
4.01652e-26 -0.00305434
4.03647e-26 -0.00321304
4.05652e-26 -0.00337774
4.07667e-26 -0.00354849
4.09691e-26 -0.0037253
4.11726e-26 -0.00390818
4.13771e-26 -0.00409708
4.15826e-26 -0.00429198
4.17891e-26 -0.00449278
4.19966e-26 -0.00469939
4.22052e-26 -0.00491167
4.24148e-26 -0.00512944
4.26255e-26 -0.00535251
4.28372e-26 -0.00558062
4.30499e-26 -0.00581349
4.32637e-26 -0.00605079
4.34786e-26 -0.00629215
4.36946e-26 -0.00653715
4.39116e-26 -0.00678532
4.41297e-26 -0.00703614
4.43488e-26 -0.00728903
4.45691e-26 -0.00754336
4.47904e-26 -0.00779846
4.50129e-26 -0.00805357
4.52364e-26 -0.00830789
4.54611e-26 -0.00856056
4.56869e-26 -0.00881066
4.59138e-26 -0.0090572
4.61418e-26 -0.00929913
4.6371e-26 -0.00953536
4.66013e-26 -0.00976472
4.68327e-26 -0.009986
4.70653e-26 -0.0101979
4.72991e-26 -0.0103991
4.7534e-26 -0.0105883
4.77701e-26 -0.010764
4.80073e-26 -0.0109248
4.82458e-26 -0.0110691
4.84854e-26 -0.0111955
4.87262e-26 -0.0113024
4.89682e-26 -0.0113883
4.92114e-26 -0.0114517
4.94558e-26 -0.0114909
4.97014e-26 -0.0115045
4.99483e-26 -0.0114909
5.01963e-26 -0.0114487
5.04456e-26 -0.0113766
5.06962e-26 -0.0112732
5.09479e-26 -0.0111371
5.1201e-26 -0.0109674
5.14553e-26 -0.0107629
5.17108e-26 -0.0105228
5.19676e-26 -0.0102463
5.22257e-26 -0.00993285
5.24851e-26 -0.009582
5.27458e-26 -0.00919356
5.30078e-26 -0.00876757
5.3271e-26 -0.00830427
5.35356e-26 -0.00780416
5.38015e-26 -0.00726801
5.40687e-26 -0.00669687
5.43372e-26 -0.00609209
5.46071e-26 -0.0054553
5.48783e-26 -0.00478848
5.51508e-26 -0.00409391
5.54247e-26 -0.00337419
5.57e-26 -0.00263227
5.59766e-26 -0.00187143
5.62547e-26 -0.00109526
5.6534e-26 -0.000307674
5.68148e-26 0.000487102
5.7097e-26 0.00128455
5.73806e-26 0.00207989
5.76655e-26 0.00286807
5.79519e-26 0.00364385
5.82398e-26 0.00440176
5.8529e-26 0.00513621
5.88197e-26 0.0058415
5.91118e-26 0.00651186
5.94054e-26 0.0071415
5.97004e-26 0.00772471
5.99969e-26 0.00825584
6.02949e-26 0.00872945
6.05944e-26 0.00914032
6.08953e-26 0.00948352
6.11978e-26 0.00975451
6.15017e-26 0.00994921
6.18071e-26 0.010064
6.21141e-26 0.010096
6.24226e-26 0.0100428
6.27326e-26 0.00990278
6.30442e-26 0.00967521
6.33573e-26 0.00936012
6.3672e-26 0.00895845
6.39882e-26 0.00847211
6.4306e-26 0.00790398
6.46254e-26 0.00725793
6.49463e-26 0.00653887
6.52689e-26 0.00575273
6.5593e-26 0.00490644
6.59188e-26 0.00400789
6.62462e-26 0.00306594
6.65752e-26 0.00209028
6.69059e-26 0.00109144
6.72381e-26 8.06061e-05
6.75721e-26 -0.000930423
6.79077e-26 -0.00192939
6.82449e-26 -0.00290373
6.85839e-26 -0.00384072
6.89245e-26 -0.00472766
6.92668e-26 -0.00555202
6.96108e-26 -0.00630171
6.99566e-26 -0.00696521
7.0304e-26 -0.0075318
7.06532e-26 -0.00799179
7.10041e-26 -0.00833668
7.13567e-26 -0.00855937
7.17111e-26 -0.00865439
7.20673e-26 -0.00861801
7.24252e-26 -0.0084484
7.27849e-26 -0.00814582
7.31464e-26 -0.00771262
7.35097e-26 -0.0071534
7.38747e-26 -0.00647497
7.42416e-26 -0.00568642
7.46104e-26 -0.00479896
7.49809e-26 -0.00382593
7.53533e-26 -0.0027826
7.57276e-26 -0.001686
7.61037e-26 -0.000554661
7.64816e-26 0.000591622
7.68615e-26 0.00173215
7.72432e-26 0.00284569
7.76268e-26 0.00391081
7.80124e-26 0.00490638
7.83998e-26 0.00581198
7.87892e-26 0.00660835
7.91805e-26 0.00727784
7.95737e-26 0.0078049
7.9969e-26 0.00817649
8.03661e-26 0.00838245
8.07653e-26 0.00841591
8.11664e-26 0.00827355
8.15695e-26 0.00795587
8.19746e-26 0.0074673
8.23817e-26 0.00681635
8.27909e-26 0.00601549
8.32021e-26 0.00508112
8.36153e-26 0.00403329
8.40306e-26 0.00289538
8.44479e-26 0.00169367
8.48673e-26 0.000456779
8.52888e-26 -0.000784937
8.57124e-26 -0.00200012
8.61381e-26 -0.00315719
8.65659e-26 -0.00422516
8.69958e-26 -0.00517452
8.74279e-26 -0.00597808
8.78621e-26 -0.00661188
8.82985e-26 -0.00705591
8.8737e-26 -0.00729493
8.91777e-26 -0.00731905
8.96206e-26 -0.00712428
9.00657e-26 -0.00671288
9.0513e-26 -0.00609354
9.09626e-26 -0.00528141
9.14143e-26 -0.00429788
9.18684e-26 -0.00317019
9.23246e-26 -0.0019308
9.27832e-26 -0.000616569
9.3244e-26 0.00073225
9.37071e-26 0.00207317
9.41725e-26 0.00336282
9.46402e-26 0.00455833
9.51102e-26 0.00561883
9.55826e-26 0.00650692
9.60573e-26 0.00719009
9.65343e-26 0.00764212
9.70138e-26 0.00784418
9.74956e-26 0.0077859
9.79798e-26 0.00746599
9.84664e-26 0.00689271
9.89555e-26 0.00608394
9.94469e-26 0.00506683
9.99408e-26 0.00387717
1.00437e-25 0.00255833
1.00936e-25 0.00115984
1.01437e-25 -0.000264325
1.01941e-25 -0.00165774
1.02447e-25 -0.00296375
1.02956e-25 -0.00412779
1.03468e-25 -0.00509973
1.03981e-25 -0.00583617
1.04498e-25 -0.00630255
1.05017e-25 -0.00647499
1.05538e-25 -0.00634175
1.06063e-25 -0.0059042
1.06589e-25 -0.00517724
1.07119e-25 -0.00418919
1.07651e-25 -0.00298098
1.08185e-25 -0.00160472
1.08723e-25 -0.000121648
1.09263e-25 0.00140033
1.09805e-25 0.00288978
1.10351e-25 0.00427502
1.10899e-25 0.00548758
1.11449e-25 0.00646585
1.12003e-25 0.00715834
1.12559e-25 0.00752674
1.13118e-25 0.00754835
1.1368e-25 0.00721786
1.14245e-25 0.00654826
1.14812e-25 0.00557086
1.15382e-25 0.00433426
1.15955e-25 0.0029023
1.16531e-25 0.00135116
1.1711e-25 -0.000234445
1.17692e-25 -0.00176581
1.18276e-25 -0.00315508
1.18864e-25 -0.00432036
1.19454e-25 -0.00519081
1.20047e-25 -0.00571112
1.20643e-25 -0.00584544
1.21243e-25 -0.00558029
1.21845e-25 -0.00492612
1.2245e-25 -0.00391758
1.23058e-25 -0.00261225
1.23669e-25 -0.00108779
1.24283e-25 0.00056234
1.24901e-25 0.00223422
1.25521e-25 0.00382002
1.26144e-25 0.00521497
1.26771e-25 0.00632441
1.274e-25 0.00707062
1.28033e-25 0.00739874
1.28669e-25 0.00728134
1.29308e-25 0.00672137
1.2995e-25 0.00575302
1.30596e-25 0.0044403
1.31244e-25 0.00287364
1.31896e-25 0.00116413
1.32551e-25 -0.000564038
1.3321e-25 -0.00218225
1.33871e-25 -0.00356706
1.34536e-25 -0.00460989
1.35204e-25 -0.00522586
1.35876e-25 -0.00536126
1.3655e-25 -0.00499893
1.37229e-25 -0.00416085
1.3791e-25 -0.00290778
1.38595e-25 -0.0013357
1.39283e-25 0.000430942
1.39975e-25 0.00224863
1.4067e-25 0.00396606
1.41369e-25 0.00543692
1.42071e-25 0.00653263
1.42777e-25 0.00715408
1.43486e-25 0.00724147
1.44198e-25 0.00678093
1.44915e-25 0.00580736
1.45634e-25 0.00440306
1.46358e-25 0.00269166
1.47085e-25 0.000828058
1.47815e-25 -0.00101489
1.48549e-25 -0.00266226
1.49287e-25 -0.00395385
1.50028e-25 -0.00476008
1.50774e-25 -0.00499578
1.51522e-25 -0.00463025
1.52275e-25 -0.00369202
1.53031e-25 -0.0022682
1.53791e-25 -0.000497441
1.54555e-25 0.00144272
1.55323e-25 0.0033529
1.56094e-25 0.00503222
1.56869e-25 0.00629991
1.57648e-25 0.00701521
1.58431e-25 0.00709425
1.59218e-25 0.0065212
1.60009e-25 0.00535224
1.60804e-25 0.00371178
1.61602e-25 0.00178066
1.62405e-25 -0.000223016
1.63211e-25 -0.00206767
1.64022e-25 -0.00353502
1.64837e-25 -0.00444666
1.65655e-25 -0.00468655
1.66478e-25 -0.00421723
1.67305e-25 -0.00308717
1.68136e-25 -0.0014274
1.68971e-25 0.000561924
1.6981e-25 0.00263446
1.70653e-25 0.00452789
1.71501e-25 0.00599701
1.72353e-25 0.00684623
1.73209e-25 0.00695722
1.74069e-25 0.00630703
1.74933e-25 0.00497441
1.75802e-25 0.00313258
1.76675e-25 0.00102829
1.77553e-25 -0.00104987
1.78435e-25 -0.00281038
1.79321e-25 -0.0040004
1.80211e-25 -0.00444302
1.81106e-25 -0.00406531
1.82006e-25 -0.00291263
1.8291e-25 -0.00114551
1.83818e-25 0.000980379
1.84731e-25 0.00314956
1.85649e-25 0.00503323
1.86571e-25 0.00633923
1.87497e-25 0.0068586
1.88429e-25 0.00650144
1.89364e-25 0.00531475
1.90305e-25 0.00347945
1.9125e-25 0.00128557
1.922e-25 -0.000912177
1.93154e-25 -0.0027507
1.94114e-25 -0.00391887
1.95078e-25 -0.00421216
1.96047e-25 -0.00357063
1.9702e-25 -0.00209402
1.97999e-25 -2.96784e-05
1.98982e-25 0.00226668
1.9997e-25 0.00439043
2.00964e-25 0.00595906
2.01962e-25 0.00668279
2.02965e-25 0.00642019
2.03973e-25 0.00520928
2.04986e-25 0.00326629
2.06004e-25 0.000949974
2.07027e-25 -0.00130201
2.08055e-25 -0.003055
2.09088e-25 -0.00396265
2.10127e-25 -0.00383741
2.1117e-25 -0.00269301
2.12219e-25 -0.000748242
2.13273e-25 0.00161155
2.14332e-25 0.00390774
2.15397e-25 0.00566478
2.16467e-25 0.00651027
2.17542e-25 0.00625628
2.18622e-25 0.00494562
2.19708e-25 0.00284977
2.20799e-25 0.000416422
2.21896e-25 -0.00182302
2.22998e-25 -0.00336938
2.24105e-25 -0.00386906
2.25218e-25 -0.00319813
2.26337e-25 -0.00149845
2.27461e-25 0.000847338
2.28591e-25 0.00329814
2.29726e-25 0.00527668
2.30867e-25 0.00630683
2.32014e-25 0.0061313
2.33166e-25 0.00478059
2.34324e-25 0.00257486
2.35488e-25 5.25852e-05
2.36657e-25 -0.00215775
2.37833e-25 -0.00349375
2.39014e-25 -0.00360589
2.40201e-25 -0.00245369
2.41394e-25 -0.000325688
2.42593e-25 0.00222633
2.43798e-25 0.00452736
2.45008e-25 0.00595636
2.46225e-25 0.00611682
2.47448e-25 0.00495282
2.48677e-25 0.00277385
2.49912e-25 0.000179696
2.51153e-25 -0.00210085
2.52401e-25 -0.00341495
2.53654e-25 -0.00337537
2.54914e-25 -0.00198192
2.5618e-25 0.000367324
2.57452e-25 0.00298317
2.58731e-25 0.00508274
2.60016e-25 0.00602515
2.61307e-25 0.00551155
2.62605e-25 0.00368715
2.63909e-25 0.00110958
2.6522e-25 -0.00141614
2.66537e-25 -0.00308642
2.67861e-25 -0.00335744
2.69191e-25 -0.00213041
2.70528e-25 0.000204475
2.71872e-25 0.00288253
2.73222e-25 0.00501003
2.74579e-25 0.00586354
2.75943e-25 0.00514052
2.77313e-25 0.00307658
2.78691e-25 0.000378259
2.80075e-25 -0.00201273
2.81466e-25 -0.00324613
2.82864e-25 -0.00287197
2.84268e-25 -0.00101412
2.8568e-25 0.0016593
2.87099e-25 0.00416654
2.88525e-25 0.0055713
2.89958e-25 0.0053355
2.91398e-25 0.00353532
2.92845e-25 0.000849392
2.943e-25 -0.00168927
2.95761e-25 -0.0030868
2.9723e-25 -0.0027837
2.98706e-25 -0.000890268
3.0019e-25 0.00184079
3.01681e-25 0.00430207
3.03179e-25 0.00547904
3.04685e-25 0.00487325
3.06198e-25 0.00272487
3.07719e-25 -6.80665e-05
3.09247e-25 -0.00231804
3.10783e-25 -0.00305174
3.12327e-25 -0.00194086
3.13878e-25 0.000535815
3.15437e-25 0.00328554
3.17003e-25 0.00507437
3.18578e-25 0.00508459
3.2016e-25 0.00329923
3.2175e-25 0.000530182
3.23348e-25 -0.00193795
3.24954e-25 -0.00294315
3.26568e-25 -0.00200038
3.2819e-25 0.000447195
3.2982e-25 0.00321932
3.31458e-25 0.00495955
3.33104e-25 0.00479975
3.34758e-25 0.00280788
3.36421e-25 -2.39225e-05
3.38092e-25 -0.00226143
3.39771e-25 -0.00275348
3.41458e-25 -0.00123853
3.43154e-25 0.00149846
3.44858e-25 0.004014
3.46571e-25 0.00496181
3.48292e-25 0.00382198
3.50022e-25 0.00120248
3.5176e-25 -0.0014656
3.53508e-25 -0.00270486
3.55263e-25 -0.00181712
3.57028e-25 0.000702712
3.58801e-25 0.00341997
3.60583e-25 0.00476751
3.62374e-25 0.00395272
3.64173e-25 0.00144385
3.65982e-25 -0.00127981
3.678e-25 -0.0025907
3.69626e-25 -0.00169305
3.71462e-25 0.00086984
3.73307e-25 0.00352242
3.75161e-25 0.00461177
3.77024e-25 0.00344608
3.78897e-25 0.000754951
3.80779e-25 -0.00174689
3.8267e-25 -0.0024442
3.8457e-25 -0.000880384
3.8648e-25 0.00191861
3.884e-25 0.00409209
3.90329e-25 0.00417673
3.92267e-25 0.00210751
3.94215e-25 -0.000708938
3.96173e-25 -0.00233194
3.98141e-25 -0.0016314
4.00118e-25 0.000902001
4.02105e-25 0.00346916
4.04103e-25 0.00422627
4.0611e-25 0.00261941
4.08126e-25 -0.000185237
4.10153e-25 -0.00212366
4.1219e-25 -0.00175557
4.14238e-25 0.000642794
4.16295e-25 0.00325105
4.18362e-25 0.00406897
4.2044e-25 0.00245935
4.22528e-25 -0.00032846
4.24627e-25 -0.00210302
4.26736e-25 -0.00145738
4.28855e-25 0.00108912
4.30985e-25 0.00347121
4.33126e-25 0.00373832
4.35277e-25 0.00166557
4.37439e-25 -0.00102564
4.39611e-25 -0.00207674
4.41794e-25 -0.000600434
4.43989e-25 0.00213596
4.46194e-25 0.00376278
4.4841e-25 0.00285789
4.50637e-25 0.000214268
4.52875e-25 -0.00182222
4.55124e-25 -0.00142965
4.57384e-25 0.00103085
4.59656e-25 0.00330648
4.61939e-25 0.00329459
4.64233e-25 0.00100462
4.66539e-25 -0.00141582
4.68856e-25 -0.00167639
4.71184e-25 0.000464819
4.73525e-25 0.00293399
4.75876e-25 0.00332071
4.7824e-25 0.0012431
4.80615e-25 -0.00123833
4.83002e-25 -0.00164337
4.85401e-25 0.000429782
4.87812e-25 0.00285781
4.90234e-25 0.00313751
4.92669e-25 0.00097699
4.95116e-25 -0.00135946
4.97575e-25 -0.0014061
5.00046e-25 0.00087775
5.0253e-25 0.00302296
5.05025e-25 0.00269401
5.07534e-25 0.000251975
5.10054e-25 -0.00160188
5.12587e-25 -0.000804026
5.15133e-25 0.00173515
5.17692e-25 0.00312061
5.20263e-25 0.00176042
5.22847e-25 -0.000769406
5.25443e-25 -0.00151767
5.28053e-25 0.000387886
5.30676e-25 0.00266961
5.33311e-25 0.00258464
5.3596e-25 0.000236218
5.38622e-25 -0.00150781
5.41297e-25 -0.000506051
5.43985e-25 0.00198365
5.46687e-25 0.00283008
5.49402e-25 0.000960772
5.52131e-25 -0.00123665
5.54873e-25 -0.000937998
5.57629e-25 0.00145707
5.60398e-25 0.002798
5.63181e-25 0.00130943
5.65978e-25 -0.00102263
5.68789e-25 -0.0010636
5.71614e-25 0.00122982
5.74453e-25 0.00270655
5.77306e-25 0.00132232
5.80173e-25 -0.000992902
5.83055e-25 -0.000989999
5.8595e-25 0.00131611
5.88861e-25 0.00261598
5.91785e-25 0.00103149
5.94724e-25 -0.001133
5.97678e-25 -0.000706018
6.00646e-25 0.00166833
6.0363e-25 0.0024364
6.06627e-25 0.000438055
6.0964e-25 -0.00129318
6.12668e-25 -0.000113806
6.15711e-25 0.00214402
6.18769e-25 0.00195488
6.21842e-25 -0.000386
6.2493e-25 -0.00117493
6.28034e-25 0.000840247
6.31153e-25 0.00240205
6.34288e-25 0.000968738
6.37438e-25 -0.00111626
6.40604e-25 -0.000414126
6.43785e-25 0.00189451
6.46983e-25 0.00192638
6.50196e-25 -0.000378681
6.53425e-25 -0.00108854
6.5667e-25 0.00100816
6.59932e-25 0.0022663
6.63209e-25 0.000476372
6.66503e-25 -0.00120691
6.69813e-25 0.000199779
6.7314e-25 0.00216845
6.76483e-25 0.00113195
6.79843e-25 -0.00102448
6.83219e-25 -0.000349941
6.86613e-25 0.00190019
6.90023e-25 0.00151838
6.9345e-25 -0.000781779
6.96894e-25 -0.00064708
7.00355e-25 0.00165644
7.03833e-25 0.00168571
7.07329e-25 -0.000623009
7.10842e-25 -0.000757785
7.14372e-25 0.00153548
7.1792e-25 0.00169572
7.21486e-25 -0.000606606
7.25069e-25 -0.000728439
7.2867e-25 0.00156464
7.32289e-25 0.00156919
7.35926e-25 -0.000731173
7.39581e-25 -0.000555093
7.43254e-25 0.00171668
7.46945e-25 0.00127689
7.50655e-25 -0.000939689
7.54383e-25 -0.000189998
7.5813e-25 0.0018975
7.61895e-25 0.000767881
7.65679e-25 -0.00109871
7.69482e-25 0.000408208
7.73304e-25 0.00192378
7.77144e-25 4.48108e-05
7.81004e-25 -0.000985796
7.84883e-25 0.00116508
7.88781e-25 0.00155143
7.92698e-25 -0.000712749
7.96635e-25 -0.000371076
8.00592e-25 0.00176194
8.04568e-25 0.000643814
8.08564e-25 -0.0010621
8.1258e-25 0.000714932
8.16615e-25 0.00166979
8.20671e-25 -0.000507413
8.24747e-25 -0.000498439
8.28843e-25 0.00165588
8.32959e-25 0.000602946
8.37096e-25 -0.00101697
8.41254e-25 0.000854853
8.45432e-25 0.00145351
8.49631e-25 -0.000732173
8.5385e-25 -9.76665e-05
8.58091e-25 0.0016905
8.62353e-25 -2.19055e-05
8.66636e-25 -0.000737824
8.7094e-25 0.00140747
8.75265e-25 0.00069731
8.79612e-25 -0.000946157
8.83981e-25 0.00088055
8.88371e-25 0.00119938
8.92783e-25 -0.000836956
8.97217e-25 0.000352838
9.01674e-25 0.001448
9.06152e-25 -0.0005861
9.10652e-25 -4.81649e-05
9.15175e-25 0.00150855
9.1972e-25 -0.00032878
9.24288e-25 -0.00029644
9.28878e-25 0.00147084
9.33492e-25 -0.000138193
9.38128e-25 -0.000417254
9.42787e-25 0.00140738
9.47469e-25 -4.31771e-05
9.52175e-25 -0.00044311
9.56904e-25 0.00135828
9.61657e-25 -4.92175e-05
9.66433e-25 -0.000390915
9.71232e-25 0.00132987
9.76056e-25 -0.000148971
9.80904e-25 -0.000257694
9.85775e-25 0.00129751
9.90671e-25 -0.000320601
9.95591e-25 -2.91693e-05
1.00054e-24 0.00121001
1.00551e-24 -0.000516639
1.0105e-24 0.000299623
1.01552e-24 0.00100085
1.02056e-24 -0.000651118
1.02563e-24 0.000690946
1.03072e-24 0.000619269
1.03584e-24 -0.00060347
1.04099e-24 0.00102878
1.04616e-24 9.05339e-05
1.05135e-24 -0.000268943
1.05657e-24 0.00111877
1.06182e-24 -0.000415442
1.0671e-24 0.000328129
1.0724e-24 0.000785471
1.07772e-24 -0.000589988
1.08307e-24 0.000914398
1.08845e-24 8.55058e-05
1.09386e-24 -0.000185431
1.09929e-24 0.00102134
1.10475e-24 -0.000519757
1.11024e-24 0.000612317
1.11575e-24 0.000398617
1.12129e-24 -0.000395751
1.12686e-24 0.00104453
1.13246e-24 -0.000438347
1.13808e-24 0.000481554
1.14374e-24 0.000467917
1.14942e-24 -0.000421875
1.15512e-24 0.00103173
1.16086e-24 -0.000483776
1.16663e-24 0.000589387
1.17242e-24 0.000285485
1.17824e-24 -0.000273856
1.1841e-24 0.000977814
1.18998e-24 -0.000619842
1.19589e-24 0.000882656
1.20183e-24 -0.000140458
1.20779e-24 0.000153183
1.21379e-24 0.000636352
1.21982e-24 -0.000511462
1.22588e-24 0.00105597
1.23197e-24 -0.000633624
1.23809e-24 0.000852806
1.24424e-24 -0.000164471
1.25042e-24 0.000212753
1.25663e-24 0.000506358
1.26287e-24 -0.000401412
1.26914e-24 0.0009915
1.27544e-24 -0.000722366
1.28178e-24 0.00109083
1.28814e-24 -0.000609539
1.29454e-24 0.000810361
1.30097e-24 -0.00023519
1.30743e-24 0.000354507
1.31392e-24 0.000267966
1.32045e-24 -0.000144782
1.32701e-24 0.000688002
1.3336e-24 -0.000498781
1.34022e-24 0.000991386
1.34688e-24 -0.00073492
1.35357e-24 0.00110973
1.36029e-24 -0.000786857
1.36705e-24 0.00113917
1.37383e-24 -0.000778443
1.38066e-24 0.00105141
1.38752e-24 -0.000684381
1.39441e-24 0.000986295
1.40133e-24 -0.00060637
1.40829e-24 0.000867115
1.41529e-24 -0.000537
1.42231e-24 0.000842678
1.42938e-24 -0.000490997
1.43648e-24 0.000792617
1.44361e-24 -0.000524501
1.45078e-24 0.000836028
1.45799e-24 -0.000533664
1.46523e-24 0.000891754
1.47251e-24 -0.000650385
1.47982e-24 0.000943749
1.48717e-24 -0.000704915
1.49455e-24 0.00105218
1.50198e-24 -0.00074956
1.50944e-24 0.00103341
1.51693e-24 -0.000740234
1.52447e-24 0.000970966
1.53204e-24 -0.000534693
1.53965e-24 0.000742808
1.54729e-24 -0.000267225
1.55498e-24 0.000291085
1.5627e-24 0.000157088
1.57046e-24 -0.00014466
1.57826e-24 0.00065623
1.5861e-24 -0.000528618
1.59398e-24 0.000885327
1.60189e-24 -0.000676344
1.60985e-24 0.000766727
1.61785e-24 -0.000328425
1.62588e-24 0.000315834
1.63396e-24 0.000300512
1.64207e-24 -0.00032456
1.65023e-24 0.000738737
1.65842e-24 -0.000611041
1.66666e-24 0.000666358
1.67494e-24 -0.000177344
1.68325e-24 7.90277e-05
1.69161e-24 0.000542439
1.70002e-24 -0.000483574
1.70846e-24 0.000699088
1.71694e-24 -0.000299667
1.72547e-24 7.59792e-05
1.73404e-24 0.000452938
1.74265e-24 -0.000464701
1.75131e-24 0.000644868
1.76001e-24 -6.72889e-05
1.76875e-24 -7.85933e-05
1.77753e-24 0.000614505
1.78636e-24 -0.000432113
1.79523e-24 0.000281352
1.80415e-24 0.000268557
1.81311e-24 -0.000444508
1.82211e-24 0.000525057
1.83116e-24 2.17887e-05
1.84026e-24 -0.000235981
1.8494e-24 0.000641274
1.85858e-24 -0.000113726
1.86781e-24 -7.9284e-05
1.87709e-24 0.000614569
1.88641e-24 -0.000225397
1.89578e-24 -6.60214e-05
1.9052e-24 0.000533815
1.91466e-24 -0.000287723
1.92417e-24 -0.000136558
1.93372e-24 0.000491649
1.94333e-24 -0.000245263
1.95298e-24 -0.000239591
1.96268e-24 0.000482222
1.97243e-24 -7.65684e-05
1.98222e-24 -0.00034657
1.99207e-24 0.000415418
2.00196e-24 0.000196046
2.0119e-24 -0.000382406
2.0219e-24 0.000193512
2.03194e-24 0.000459165
2.04203e-24 -0.000215418
2.05217e-24 -0.000149975
2.06236e-24 0.000479204
2.07261e-24 0.000182031
2.0829e-24 -0.000324518
2.09324e-24 9.77142e-05
2.10364e-24 0.000462094
2.11409e-24 -2.98475e-05
2.12459e-24 -0.000324701
2.13514e-24 0.000142939
2.14574e-24 0.000355437
2.1564e-24 -0.000123711
2.16711e-24 -0.000372694
2.17787e-24 2.1316e-05
2.18869e-24 0.000272189
2.19956e-24 -6.91901e-05
2.21048e-24 -0.000374875
2.22146e-24 -0.000125136
2.23249e-24 0.000268987
2.24358e-24 0.00023059
2.25473e-24 -7.8988e-05
2.26592e-24 -0.000113812
2.27718e-24 0.000213433
2.28849e-24 0.000460649
2.29985e-24 0.000321676
2.31127e-24 -1.49795e-05
2.32275e-24 -0.000168842
2.33429e-24 -4.63468e-05
2.34588e-24 0.000119378
2.35753e-24 0.000101351
2.36924e-24 -6.56971e-05
2.38101e-24 -0.000166781
2.39283e-24 -5.50594e-05
2.40472e-24 0.000195292
2.41666e-24 0.000372298
2.42866e-24 0.000321595
2.44073e-24 6.89513e-05
2.45285e-24 -0.000202181
2.46503e-24 -0.000299328
2.47727e-24 -0.000151293
2.48958e-24 0.000135759
2.50194e-24 0.000356106
2.51437e-24 0.000351796
2.52685e-24 0.000133661
2.5394e-24 -0.000113087
2.55202e-24 -0.000187577
2.56469e-24 -5.46933e-05
2.57743e-24 0.00011114
2.59023e-24 0.000104459
2.60309e-24 -6.06573e-05
2.61602e-24 -0.000137479
2.62901e-24 5.12482e-05
2.64207e-24 0.000341602
2.65519e-24 0.000376268
2.66838e-24 8.94415e-05
2.68163e-24 -0.000146684
2.69495e-24 -1.7906e-05
2.70834e-24 0.000233141
2.72179e-24 0.000144058
2.7353e-24 -0.000201886
2.74889e-24 -0.000247967
2.76254e-24 7.84338e-05
2.77626e-24 0.000178101
2.79005e-24 -0.000148312
2.80391e-24 -0.000265706
2.81783e-24 7.90948e-05
2.83183e-24 0.000194806
2.84589e-24 -0.000162804
2.86003e-24 -0.000212502
2.87423e-24 0.000172411
2.88851e-24 0.000116023
2.90285e-24 -0.000254745
2.91727e-24 -4.30617e-05
2.93176e-24 0.00023815
2.94632e-24 -0.000124513
2.96095e-24 -0.000187996
2.97566e-24 0.000234422
2.99043e-24 1.37118e-05
3.00529e-24 -0.000217699
3.02021e-24 0.000228781
3.03521e-24 9.68263e-05
3.05029e-24 -0.000191445
3.06544e-24 0.000257985
3.08066e-24 8.35473e-05
3.09596e-24 -0.000168277
3.11134e-24 0.000275632
3.12679e-24 -5.30951e-05
3.14232e-24 -0.000112404
3.15792e-24 0.000248145
3.17361e-24 -0.000195563
3.18937e-24 9.00089e-05
3.20521e-24 0.000134572
3.22113e-24 -0.000162221
3.23713e-24 0.000263541
3.2532e-24 -0.000122542
3.26936e-24 5.88186e-05
3.2856e-24 8.81721e-05
3.30192e-24 -0.000137312
3.31832e-24 0.000226489
3.3348e-24 -0.000152754
3.35136e-24 0.000182261
3.368e-24 -7.19831e-05
3.38473e-24 4.72868e-05
3.40154e-24 4.99898e-05
3.41843e-24 -4.52434e-05
3.43541e-24 0.000143761
3.45247e-24 -0.000117504
3.46962e-24 0.000175956
3.48685e-24 -0.000145965
3.50417e-24 0.000204319
3.52157e-24 -0.000154588
3.53906e-24 0.000201365
3.55664e-24 -0.000160252
3.5743e-24 0.000203254
3.59206e-24 -0.000143344
3.6099e-24 0.000169791
3.62782e-24 -0.000100433
3.64584e-24 0.000104988
3.66395e-24 -4.81411e-06
3.68215e-24 -1.63883e-05
3.70043e-24 0.000122395
3.71881e-24 -0.000129923
3.73728e-24 0.000197507
3.75584e-24 -0.00014407
3.7745e-24 0.000130971
3.79324e-24 -3.76491e-06
3.81208e-24 -4.84717e-05
3.83101e-24 0.000151789
3.85004e-24 -0.000119041
3.86916e-24 0.000103254
3.88838e-24 2.63789e-05
3.90769e-24 -6.96967e-05
3.9271e-24 0.000133563
3.9466e-24 -5.17861e-05
3.9662e-24 -1.10012e-06
3.9859e-24 0.000112334
4.0057e-24 -7.74306e-05
4.02559e-24 2.90444e-05
4.04558e-24 0.000106865
4.06568e-24 -8.3392e-05
4.08587e-24 9.05936e-06
4.10616e-24 0.000134156
4.12656e-24 -5.14381e-05
4.14705e-24 -7.14927e-05
4.16765e-24 0.000129143
4.18835e-24 7.08683e-05
4.20915e-24 -0.000113769
4.23005e-24 -2.47448e-05
4.25106e-24 0.000145126
4.27217e-24 6.37462e-05
4.29339e-24 -0.000102106
4.31471e-24 -6.2101e-05
4.33614e-24 9.54186e-05
4.35768e-24 0.000118601
4.37932e-24 -3.43732e-06
4.40107e-24 -8.54948e-05
4.42293e-24 -3.70528e-05
4.4449e-24 5.66106e-05
4.46697e-24 8.60458e-05
4.48916e-24 4.06426e-05
4.51145e-24 -1.48686e-05
4.53386e-24 -2.84784e-05
4.55638e-24 -3.29734e-06
4.579e-24 2.52484e-05
4.60175e-24 3.1036e-05
4.6246e-24 1.41249e-05
4.64757e-24 -8.76119e-06
4.67065e-24 -2.0521e-05
4.69385e-24 -1.43248e-05
4.71716e-24 5.89228e-06
4.74059e-24 3.16115e-05
4.76413e-24 5.46734e-05
4.78779e-24 7.03144e-05
4.81157e-24 7.80924e-05
4.83547e-24 7.94331e-05
4.85948e-24 7.69132e-05
4.88362e-24 7.23495e-05
4.90787e-24 6.88128e-05
4.93225e-24 6.65541e-05
4.95674e-24 6.1917e-05
4.98136e-24 6.21135e-05
5.0061e-24 6.84405e-05
5.03097e-24 5.01443e-05
5.05595e-24 4.06084e-05
5.08106e-24 4.91354e-05
5.1063e-24 2.35511e-05
5.13166e-24 -3.74827e-06
5.15714e-24 -1.83294e-05
5.18276e-24 -2.2783e-06
5.2085e-24 1.80923e-05
5.23437e-24 3.54117e-05
5.26036e-24 3.04153e-05
5.28649e-24 1.28153e-05
5.31274e-24 -1.69775e-05
5.33913e-24 -3.32606e-05
5.36565e-24 -1.51863e-05
5.39229e-24 3.34163e-05
5.41908e-24 7.19584e-05
5.44599e-24 4.51811e-05
5.47304e-24 -3.20308e-05
5.50022e-24 -6.84354e-05
5.52754e-24 -1.2758e-05
5.55499e-24 5.67306e-05
5.58258e-24 3.37217e-05
5.6103e-24 -2.76921e-05
5.63817e-24 3.62293e-06
5.66617e-24 7.11508e-05
5.69431e-24 3.27854e-05
5.72259e-24 -2.19714e-05
5.75101e-24 2.08863e-05
5.77957e-24 2.30599e-05
5.80828e-24 -3.35601e-05
5.83713e-24 -1.97209e-06
5.86612e-24 5.09421e-07
5.89525e-24 -3.75255e-05
5.92453e-24 1.36737e-05
5.95395e-24 -1.36556e-05
5.98352e-24 -1.24067e-05
6.01324e-24 3.57274e-05
6.04311e-24 -2.4802e-05
6.07312e-24 4.55309e-05
6.10328e-24 5.84464e-06
6.13359e-24 1.92417e-05
6.16406e-24 4.21888e-05
6.19467e-24 -4.06335e-06
6.22544e-24 5.82964e-05
6.25635e-24 -1.67138e-05
6.28743e-24 5.73521e-05
6.31865e-24 -2.01483e-05
6.35003e-24 4.67566e-05
6.38157e-24 -2.45575e-05
6.41327e-24 3.34647e-05
6.44512e-24 -1.6242e-05
6.47713e-24 9.1834e-06
6.5093e-24 -1.66106e-06
6.54162e-24 -2.43542e-05
6.57411e-24 2.0678e-05
6.60676e-24 -3.32321e-05
6.63958e-24 9.26303e-06
6.67255e-24 -1.91099e-06
6.70569e-24 -3.53917e-05
6.739e-24 1.49351e-05
6.77246e-24 -1.56424e-05
6.8061e-24 -2.89222e-05
6.8399e-24 2.04404e-05
6.87387e-24 6.17329e-07
6.90801e-24 -2.10025e-05
6.94232e-24 1.71682e-05
6.9768e-24 2.74523e-05
7.01145e-24 -1.13762e-06
7.04627e-24 -2.11219e-06
7.08127e-24 2.53345e-05
7.11644e-24 3.42938e-05
7.15178e-24 1.84406e-05
7.1873e-24 4.05984e-06
7.223e-24 7.20932e-06
7.25887e-24 1.85417e-05
7.29492e-24 2.32209e-05
7.33115e-24 1.58515e-05
7.36756e-24 4.21829e-06
7.40415e-24 -1.98478e-06
7.44093e-24 3.03689e-06
7.47788e-24 1.4215e-05
7.51502e-24 2.04118e-05
7.55234e-24 1.40864e-05
7.58985e-24 1.99421e-06
7.62755e-24 1.60607e-06
7.66543e-24 1.72918e-05
7.7035e-24 2.66553e-05
7.74176e-24 1.22022e-05
7.78021e-24 -3.82171e-06
7.81885e-24 6.43525e-06
7.85768e-24 1.84523e-05
7.89671e-24 1.38968e-06
7.93593e-24 -1.0145e-05
7.97534e-24 9.14784e-06
8.01495e-24 2.89147e-06
8.05476e-24 -1.39784e-05
8.09476e-24 8.8683e-06
8.13496e-24 -1.15817e-06
8.17537e-24 -8.69891e-06
8.21597e-24 9.29053e-06
8.25677e-24 -1.33853e-05
8.29778e-24 2.52821e-06
8.33899e-24 -6.20749e-06
8.38041e-24 -3.72797e-06
8.42203e-24 -1.00306e-06
8.46386e-24 -8.21887e-06
8.50589e-24 9.59401e-07
8.54814e-24 -8.66403e-06
8.59059e-24 1.2902e-06
8.63326e-24 -7.58655e-06
8.67614e-24 -1.16716e-06
8.71923e-24 -1.47668e-06
8.76253e-24 -7.77364e-06
8.80605e-24 5.09904e-06
8.84978e-24 -7.96079e-06
8.89374e-24 -7.72456e-08
8.93791e-24 2.54175e-06
8.9823e-24 -5.72869e-06
9.02691e-24 2.38345e-06
9.07174e-24 3.31173e-06
9.1168e-24 -2.85766e-06
9.16207e-24 2.19011e-06
9.20758e-24 6.8373e-06
9.25331e-24 1.31509e-06
9.29926e-24 -2.94943e-06
9.34545e-24 5.93672e-07
9.39186e-24 7.05575e-06
9.43851e-24 8.36285e-06
9.48538e-24 5.88472e-06
9.53249e-24 2.94281e-06
9.57984e-24 1.85576e-06
9.62742e-24 2.34515e-06
9.67523e-24 3.25476e-06
9.72328e-24 4.19589e-06
9.77157e-24 4.93085e-06
9.8201e-24 5.15484e-06
9.86888e-24 5.63354e-06
9.91789e-24 5.98613e-06
9.96715e-24 5.96341e-06
1.00166e-23 7.30453e-06
1.00664e-23 7.37147e-06
1.01164e-23 4.87135e-06
1.01666e-23 5.98015e-06
1.02171e-23 3.77844e-06
1.02679e-23 4.64606e-06
1.03189e-23 7.69952e-06
1.03701e-23 5.82932e-06
1.04216e-23 6.53943e-06
1.04734e-23 3.44588e-06
1.05254e-23 2.72131e-06
1.05777e-23 8.56704e-06
1.06302e-23 6.46102e-06
1.0683e-23 8.40699e-07
1.07361e-23 4.37982e-06
1.07894e-23 6.47247e-06
1.0843e-23 4.66358e-06
1.08968e-23 3.82357e-06
1.09509e-23 6.08074e-07
1.10053e-23 3.34245e-06
1.106e-23 5.05779e-06
1.11149e-23 6.79087e-06
1.11701e-23 2.65443e-06
1.12256e-23 1.6391e-06
1.12813e-23 -2.20452e-06
1.13374e-23 1.43707e-06
1.13937e-23 1.40326e-07
1.14503e-23 5.97794e-06
1.15071e-23 4.30891e-06
1.15643e-23 5.45517e-06
1.16217e-23 4.99495e-06
1.16794e-23 4.25379e-07
1.17374e-23 -2.37822e-07
1.17957e-23 -1.28309e-06
1.18543e-23 -4.20443e-06
1.19132e-23 -4.83414e-06
1.19724e-23 -3.45465e-06
1.20318e-23 -2.37028e-06
1.20916e-23 -2.01627e-06
1.21516e-23 -1.72695e-06
1.2212e-23 -7.7809e-07
1.22726e-23 4.78651e-07
1.23336e-23 1.70206e-06
1.23948e-23 2.65419e-06
1.24564e-23 3.44828e-06
1.25183e-23 4.00128e-06
1.25804e-23 3.90338e-06
1.26429e-23 3.17595e-06
1.27057e-23 3.02623e-06
1.27688e-23 3.70641e-06
1.28322e-23 2.54369e-06
1.2896e-23 -1.74943e-07
1.296e-23 -1.0801e-06
1.30244e-23 -1.70082e-06
1.30891e-23 -3.38506e-06
1.31541e-23 -2.91576e-06
1.32194e-23 -3.3375e-06
1.3285e-23 -3.35309e-06
1.3351e-23 -3.27226e-06
1.34173e-23 -3.49285e-06
1.3484e-23 -3.47447e-06
1.35509e-23 -3.22842e-06
1.36182e-23 -3.3603e-06
1.36859e-23 -2.78587e-06
1.37538e-23 -2.65131e-06
1.38222e-23 -2.3371e-06
1.38908e-23 -1.63171e-06
1.39598e-23 -1.21135e-06
1.40291e-23 -1.35432e-06
1.40988e-23 -5.77497e-07
1.41688e-23 1.94683e-07
1.42392e-23 3.56714e-07
1.43099e-23 -1.95789e-07
1.4381e-23 1.94426e-07
1.44524e-23 1.0806e-06
1.45242e-23 1.70906e-06
1.45963e-23 2.03336e-06
1.46688e-23 2.13142e-06
1.47417e-23 2.19382e-06
1.48149e-23 2.38062e-06
1.48885e-23 2.35339e-06
1.49624e-23 2.25503e-06
1.50367e-23 2.33622e-06
1.51114e-23 1.91051e-06
1.51864e-23 2.08078e-06
1.52619e-23 1.81051e-06
1.53377e-23 6.46852e-07
1.54138e-23 1.00587e-06
1.54904e-23 1.54966e-06
1.55673e-23 1.0516e-06
1.56446e-23 1.12478e-06
1.57223e-23 3.27369e-07
1.58004e-23 1.29791e-06
1.58789e-23 2.50275e-07
1.59578e-23 2.79455e-07
1.6037e-23 1.04887e-06
1.61167e-23 -6.53422e-07
1.61967e-23 7.78301e-07
1.62771e-23 3.03182e-07
1.6358e-23 -6.98574e-07
1.64392e-23 -1.60707e-08
1.65209e-23 7.58435e-07
1.66029e-23 -4.05188e-07
1.66854e-23 -1.14758e-06
1.67683e-23 -6.28751e-08
1.68515e-23 8.97822e-07
1.69352e-23 2.5418e-07
1.70193e-23 -8.43062e-07
1.71039e-23 -1.25686e-06
1.71888e-23 -9.31909e-07
1.72742e-23 2.36897e-07
1.736e-23 1.17293e-06
1.74462e-23 1.6402e-06
1.75328e-23 1.41786e-06
1.76199e-23 6.71875e-07
1.77074e-23 -3.8272e-08
1.77954e-23 -6.13482e-07
1.78837e-23 -8.70063e-07
1.79726e-23 -1.02036e-06
1.80618e-23 -6.99688e-07
1.81515e-23 -2.76075e-07
1.82417e-23 3.57117e-07
1.83323e-23 9.14194e-07
1.84233e-23 1.38967e-06
1.85148e-23 1.87647e-06
1.86068e-23 2.23138e-06
1.86992e-23 2.241e-06
1.87921e-23 2.52657e-06
1.88854e-23 2.52151e-06
1.89792e-23 2.24768e-06
1.90734e-23 2.2616e-06
1.91682e-23 2.32316e-06
1.92634e-23 2.12032e-06
1.9359e-23 1.67955e-06
1.94552e-23 1.35457e-06
1.95518e-23 1.04403e-06
1.96489e-23 8.67815e-07
1.97465e-23 6.93765e-07
1.98446e-23 7.10136e-07
1.99431e-23 4.43311e-07
2.00422e-23 3.95188e-07
2.01417e-23 4.8678e-07
2.02418e-23 6.09161e-07
2.03423e-23 8.55433e-07
2.04433e-23 8.914e-07
2.05449e-23 6.82474e-07
2.06469e-23 7.63962e-07
2.07494e-23 1.32093e-06
2.08525e-23 1.07511e-06
2.09561e-23 1.0112e-06
2.10601e-23 1.53629e-06
2.11647e-23 1.11929e-06
2.12698e-23 1.50753e-06
2.13755e-23 1.56728e-06
2.14816e-23 1.41309e-06
2.15883e-23 1.61596e-06
2.16955e-23 1.61349e-06
2.18033e-23 1.30205e-06
2.19116e-23 2.02462e-06
2.20204e-23 1.47564e-06
2.21298e-23 1.38552e-06
2.22397e-23 1.84839e-06
2.23501e-23 1.45374e-06
2.24611e-23 1.08558e-06
2.25727e-23 1.46909e-06
2.26848e-23 1.7694e-06
2.27975e-23 1.09313e-06
2.29107e-23 3.48003e-07
2.30245e-23 5.19709e-07
2.31388e-23 9.43424e-07
2.32537e-23 1.34892e-06
2.33692e-23 1.30999e-06
2.34853e-23 1.10121e-06
2.36019e-23 4.92891e-07
2.37192e-23 -3.13101e-08
2.3837e-23 -2.27327e-07
2.39553e-23 -7.62021e-07
2.40743e-23 -7.68053e-07
2.41939e-23 -5.53989e-07
2.4314e-23 -2.8708e-07
2.44348e-23 -2.73546e-07
2.45562e-23 -2.75825e-08
2.46781e-23 -5.1976e-08
2.48007e-23 1.41656e-07
2.49239e-23 2.55546e-07
2.50476e-23 2.10458e-07
2.5172e-23 1.60631e-07
2.52971e-23 1.43375e-07
2.54227e-23 -1.16271e-07
2.5549e-23 -1.64727e-07
2.56758e-23 -2.14827e-07
2.58034e-23 -4.68358e-07
2.59315e-23 -4.49623e-07
2.60603e-23 -6.09281e-07
2.61897e-23 -8.47644e-07
2.63198e-23 -8.00615e-07
2.64505e-23 -7.33106e-07
2.65819e-23 -8.41911e-07
2.67139e-23 -1.02186e-06
2.68466e-23 -8.12116e-07
2.69799e-23 -9.15992e-07
2.71139e-23 -7.77613e-07
2.72486e-23 -7.54307e-07
2.73839e-23 -5.87857e-07
2.75199e-23 -6.83881e-07
2.76566e-23 -3.35323e-07
2.77939e-23 -6.03761e-07
2.7932e-23 -2.49804e-07
2.80707e-23 -1.3409e-07
2.82101e-23 -4.92638e-07
2.83502e-23 -2.56892e-08
2.8491e-23 2.33102e-07
2.86325e-23 4.31207e-08
2.87747e-23 -2.42348e-07
2.89176e-23 -1.42184e-07
2.90613e-23 4.45299e-07
2.92056e-23 6.63602e-07
2.93506e-23 7.51204e-07
2.94964e-23 5.23164e-07
2.96429e-23 3.25528e-07
2.97901e-23 8.77114e-08
2.99381e-23 -9.67753e-09
3.00868e-23 3.71987e-08
3.02362e-23 1.26188e-07
3.03864e-23 1.13382e-07
3.05373e-23 1.18762e-07
3.06889e-23 3.31843e-07
3.08414e-23 4.82316e-07
3.09945e-23 5.5404e-07
3.11485e-23 5.46745e-07
3.13032e-23 5.21989e-07
3.14586e-23 5.00425e-07
3.16149e-23 5.05798e-07
3.17719e-23 3.79205e-07
3.19297e-23 2.5348e-07
3.20883e-23 2.54361e-07
3.22476e-23 3.88019e-07
3.24078e-23 5.70982e-08
