2 0.000142894
3 -0.000164216
4 0.00013063
5 0.000400353
6 6.45145e-05
7 -0.000234967
8 8.21809e-05
10 5.85442e-05
12 5.83945e-05
15 -0.000257405
20 7.30911e-06
25 0.000340814
30 0.000140609
40 -0.000163134
50 0.000297768
60 -0.000288087
70 0.000275054
80 -7.1483e-05
90 -0.000127464
100 0.00031593
120 -4.81438e-05
140 -0.000162505
160 0.000271084
180 -0.000264518
200 0.000219714
225 -0.000181337
250 -9.25548e-06
275 0.000302194
300 7.76514e-06
350 -0.000221949
400 0.000201568
450 -0.000300134
500 -0.00029708
550 0.000256229
600 -1.98262e-05
650 0.00029579
700 -0.000136723
750 0.000136564
800 -0.000321242
850 -0.000287035
900 -0.000214728
950 -0.000147569
1000 -7.90943e-06
1050 -0.000255819
1100 9.64087e-05
1150 1.69059e-06
1200 1.46429e-07
1250 1.02495e-08
1300 6.3359e-10
1350 2.50269e-11
1400 -8.56176e-13
1450 -6.99633e-14
1500 1.59089e-14
1550 1.97881e-15
1600 -9.22183e-17
1650 6.39948e-18
1700 2.05061e-18
1750 -6.60888e-19
1800 2.28912e-20
1850 6.95722e-21
1900 -5.37286e-22
1950 8.5434e-23
2000 -2.87986e-23
