1.62039e-27 0
1.62844e-27 0
1.63652e-27 0
1.64465e-27 0
1.65282e-27 0
1.66103e-27 0
1.66928e-27 0
1.67757e-27 0
1.6859e-27 0
1.69427e-27 0
1.70269e-27 0
1.71115e-27 0
1.71964e-27 0
1.72818e-27 0
1.73677e-27 0
1.74539e-27 0
1.75406e-27 0
1.76277e-27 0
1.77153e-27 0
1.78033e-27 0
1.78917e-27 0
1.79805e-27 0
1.80698e-27 0
1.81596e-27 0
1.82498e-27 0
1.83404e-27 0
1.84315e-27 0
1.8523e-27 0
1.8615e-27 0
1.87075e-27 0
1.88004e-27 0
1.88938e-27 0
1.89876e-27 0
1.90819e-27 0
1.91767e-27 0
1.92719e-27 0
1.93676e-27 0
1.94638e-27 0
1.95605e-27 0
1.96576e-27 0
1.97553e-27 0
1.98534e-27 0
1.9952e-27 0
2.00511e-27 0
2.01507e-27 0
2.02507e-27 0
2.03513e-27 0
2.04524e-27 0
2.0554e-27 0
2.06561e-27 0
2.07586e-27 0
2.08617e-27 0
2.09654e-27 0
2.10695e-27 0
2.11741e-27 0
2.12793e-27 0
2.1385e-27 0
2.14912e-27 0
2.15979e-27 0
2.17052e-27 0
2.1813e-27 0
2.19213e-27 0
2.20302e-27 0
2.21396e-27 0
2.22496e-27 0
2.23601e-27 0
2.24711e-27 0
2.25827e-27 0
2.26949e-27 0
2.28076e-27 0
2.29209e-27 0
2.30347e-27 0
2.31491e-27 0
2.32641e-27 0
2.33796e-27 0
2.34957e-27 0
2.36124e-27 0
2.37297e-27 0
2.38475e-27 0
2.3966e-27 0
2.4085e-27 0
2.42046e-27 0
2.43248e-27 0
2.44456e-27 0
2.45671e-27 0
2.46891e-27 0
2.48117e-27 0
2.49349e-27 0
2.50588e-27 0
2.51832e-27 0
2.53083e-27 0
2.5434e-27 0
2.55603e-27 0
2.56872e-27 0
2.58148e-27 0
2.5943e-27 0
2.60719e-27 0
2.62014e-27 0
2.63315e-27 0
2.64623e-27 0
2.65937e-27 0
2.67258e-27 0
2.68585e-27 0
2.69919e-27 0
2.71259e-27 0
2.72607e-27 0
2.73961e-27 0
2.75321e-27 0
2.76689e-27 0
2.78063e-27 0
2.79444e-27 0
2.80832e-27 0
2.82226e-27 0
2.83628e-27 0
2.85037e-27 0
2.86452e-27 0
2.87875e-27 0
2.89305e-27 0
2.90742e-27 0
2.92186e-27 0
2.93637e-27 0
2.95095e-27 0
2.96561e-27 0
2.98034e-27 0
2.99514e-27 0
3.01001e-27 0
3.02496e-27 0
3.03999e-27 0
3.05508e-27 0
3.07026e-27 0
3.08551e-27 0
3.10083e-27 0
3.11623e-27 0
3.13171e-27 0
3.14726e-27 0
3.16289e-27 0
3.1786e-27 0
3.19439e-27 0
3.21025e-27 0
3.22619e-27 0
3.24222e-27 0
3.25832e-27 0
3.2745e-27 0
3.29077e-27 0
3.30711e-27 0
3.32353e-27 0
3.34004e-27 0
3.35663e-27 0
3.3733e-27 0
3.39005e-27 0
3.40689e-27 0
3.42381e-27 0
3.44081e-27 0
3.4579e-27 0
3.47508e-27 0
3.49234e-27 0
3.50968e-27 0
3.52711e-27 0
3.54463e-27 0
3.56223e-27 0
3.57993e-27 0
3.59771e-27 0
3.61557e-27 0
3.63353e-27 0
3.65158e-27 0
3.66971e-27 0
3.68794e-27 0
3.70625e-27 0
3.72466e-27 0
3.74316e-27 0
3.76175e-27 0
3.78043e-27 0
3.79921e-27 0
3.81808e-27 0
3.83704e-27 0
3.8561e-27 0
3.87525e-27 0
3.89449e-27 0
3.91384e-27 0
3.93327e-27 0
3.95281e-27 0
3.97244e-27 0
3.99217e-27 0
4.012e-27 0
4.03192e-27 0
4.05195e-27 0
4.07207e-27 0
4.0923e-27 0
4.11262e-27 0
4.13304e-27 0
4.15357e-27 0
4.1742e-27 0
4.19493e-27 0
4.21577e-27 0
4.2367e-27 0
4.25775e-27 0
4.27889e-27 0
4.30014e-27 0
4.3215e-27 0
4.34296e-27 0
4.36453e-27 0
4.38621e-27 0
4.40799e-27 0
4.42988e-27 0
4.45189e-27 0
4.474e-27 0
4.49622e-27 0
4.51855e-27 0
4.54099e-27 0
4.56354e-27 0
4.58621e-27 0
4.60898e-27 0
4.63187e-27 0
4.65488e-27 0
4.678e-27 0
4.70123e-27 0
4.72458e-27 0
4.74804e-27 0
4.77162e-27 0
4.79532e-27 0
4.81914e-27 0
4.84307e-27 0
4.86713e-27 0
4.8913e-27 0
4.91559e-27 0
4.94e-27 0
4.96454e-27 0
4.9892e-27 0
5.01397e-27 0
5.03888e-27 0
5.0639e-27 0
5.08905e-27 0
5.11433e-27 0
5.13973e-27 0
5.16525e-27 0
5.19091e-27 0
5.21669e-27 0
5.2426e-27 0
5.26863e-27 0
5.2948e-27 0
5.3211e-27 0
5.34753e-27 0
5.37408e-27 0
5.40077e-27 0
5.4276e-27 0
5.45455e-27 0
5.48164e-27 0
5.50887e-27 0
5.53623e-27 0
5.56372e-27 0
5.59136e-27 0
5.61913e-27 0
5.64703e-27 0
5.67508e-27 0
5.70326e-27 0
5.73159e-27 0
5.76006e-27 0
5.78866e-27 0
5.81741e-27 0
5.84631e-27 0
5.87534e-27 0
5.90452e-27 0
5.93385e-27 0
5.96332e-27 0
5.99293e-27 0
6.0227e-27 0
6.05261e-27 0
6.08267e-27 0
6.11288e-27 0
6.14324e-27 0
6.17375e-27 0
6.20441e-27 0
6.23523e-27 0
6.26619e-27 0
6.29731e-27 0
6.32859e-27 0
6.36002e-27 0
6.39161e-27 0
6.42335e-27 0
6.45525e-27 0
6.48731e-27 0
6.51953e-27 0
6.55191e-27 0
6.58445e-27 0
6.61715e-27 0
6.65002e-27 0
6.68305e-27 0
6.71624e-27 0
6.74959e-27 0
6.78312e-27 0
6.8168e-27 0
6.85066e-27 0
6.88468e-27 0
6.91888e-27 0
6.95324e-27 0
6.98777e-27 0
7.02248e-27 0
7.05735e-27 0
7.0924e-27 0
7.12763e-27 0
7.16303e-27 0
7.1986e-27 0
7.23436e-27 0
7.27029e-27 0
7.30639e-27 0
7.34268e-27 0
7.37915e-27 0
7.4158e-27 0
7.45263e-27 0
7.48964e-27 0
7.52684e-27 0
7.56422e-27 0
7.60179e-27 0
7.63954e-27 0
7.67748e-27 0
7.71562e-27 0
7.75393e-27 0
7.79244e-27 0
7.83115e-27 0
7.87004e-27 0
7.90913e-27 0
7.94841e-27 0
7.98788e-27 0
8.02755e-27 0
8.06742e-27 0
8.10749e-27 0
8.14776e-27 0
8.18822e-27 0
8.22889e-27 0
8.26976e-27 0
8.31083e-27 0
8.35211e-27 0
8.39359e-27 0
8.43527e-27 0
8.47717e-27 0
8.51927e-27 0
8.56158e-27 0
8.6041e-27 0
8.64683e-27 0
8.68978e-27 0
8.73294e-27 0
8.77631e-27 0
8.8199e-27 0
8.8637e-27 0
8.90772e-27 0
8.95196e-27 0
8.99642e-27 0
9.0411e-27 0
9.08601e-27 0
9.13113e-27 0
9.17648e-27 0
9.22206e-27 0
9.26786e-27 0
9.31389e-27 0
9.36015e-27 0
9.40663e-27 0
9.45335e-27 0
9.5003e-27 0
9.54748e-27 0
9.5949e-27 0
9.64256e-27 0
9.69045e-27 0
9.73857e-27 0
9.78694e-27 0
9.83555e-27 0
9.8844e-27 0
9.93349e-27 0
9.98282e-27 0
1.00324e-26 0
1.00822e-26 0
1.01323e-26 0
1.01826e-26 0
1.02332e-26 0
1.0284e-26 0
1.03351e-26 0
1.03864e-26 0
1.0438e-26 0
1.04898e-26 0
1.05419e-26 0
1.05943e-26 0
1.06469e-26 0
1.06998e-26 0
1.07529e-26 0
1.08063e-26 0
1.086e-26 0
1.09139e-26 0
1.09682e-26 0
1.10226e-26 0
1.10774e-26 0
1.11324e-26 0
1.11877e-26 0
1.12432e-26 0
1.12991e-26 0
1.13552e-26 0
1.14116e-26 0
1.14683e-26 0
1.15252e-26 0
1.15825e-26 0
1.164e-26 0
1.16978e-26 0
1.17559e-26 0
1.18143e-26 0
1.1873e-26 0
1.19319e-26 0
1.19912e-26 0
1.20507e-26 0
1.21106e-26 0
1.21707e-26 0
1.22312e-26 0
1.22919e-26 0
1.2353e-26 0
1.24143e-26 0
1.2476e-26 0
1.25379e-26 0
1.26002e-26 0
1.26628e-26 0
1.27257e-26 0
1.27889e-26 0
1.28524e-26 0
1.29162e-26 0
1.29804e-26 0
1.30449e-26 0
1.31096e-26 0
1.31747e-26 0
1.32402e-26 0
1.33059e-26 0
1.3372e-26 0
1.34384e-26 0
1.35052e-26 0
1.35723e-26 0
1.36397e-26 0
1.37074e-26 0
1.37755e-26 0
1.38439e-26 0
1.39127e-26 0
1.39817e-26 0
1.40512e-26 0
1.4121e-26 0
1.41911e-26 0
1.42616e-26 0
1.43324e-26 0
1.44036e-26 0
1.44751e-26 0
1.4547e-26 0
1.46193e-26 0
1.46919e-26 0
1.47648e-26 0
1.48382e-26 0
1.49119e-26 0
1.49859e-26 0
1.50604e-26 0
1.51352e-26 0
1.52103e-26 0
1.52859e-26 0
1.53618e-26 0
1.54381e-26 0
1.55148e-26 0
1.55918e-26 0
1.56692e-26 0
1.57471e-26 0
1.58253e-26 0
1.59039e-26 0
1.59829e-26 0
1.60622e-26 0
1.6142e-26 0
1.62222e-26 0
1.63027e-26 0
1.63837e-26 0
1.64651e-26 0
1.65469e-26 0
1.6629e-26 0
1.67116e-26 0
1.67946e-26 0
1.6878e-26 0
1.69619e-26 0
1.70461e-26 0
1.71308e-26 0
1.72158e-26 0
1.73013e-26 0
1.73873e-26 0
1.74736e-26 0
1.75604e-26 0
1.76476e-26 0
1.77353e-26 0
1.78234e-26 0
1.79119e-26 0
1.80008e-26 0
1.80902e-26 0
1.81801e-26 0
1.82704e-26 0
1.83611e-26 0
1.84523e-26 0
1.85439e-26 0
1.8636e-26 0
1.87286e-26 0
1.88216e-26 0
1.89151e-26 0
1.9009e-26 0
1.91034e-26 0
1.91983e-26 0
1.92937e-26 0
1.93895e-26 0
1.94858e-26 0
1.95826e-26 0
1.96798e-26 0
1.97776e-26 0
1.98758e-26 0
1.99745e-26 0
2.00737e-26 0
2.01734e-26 0
2.02736e-26 0
2.03743e-26 0
2.04755e-26 0
2.05772e-26 0
2.06794e-26 0
2.07821e-26 0
2.08853e-26 0
2.0989e-26 0
2.10932e-26 0
2.1198e-26 0
2.13033e-26 0
2.14091e-26 0
2.15154e-26 0
2.16223e-26 0
2.17297e-26 0
2.18376e-26 0
2.1946e-26 0
2.2055e-26 0
2.21646e-26 0
2.22747e-26 0
2.23853e-26 0
2.24965e-26 0
2.26082e-26 0
2.27205e-26 0
2.28333e-26 0
2.29467e-26 0
2.30607e-26 0
2.31752e-26 0
2.32903e-26 0
2.3406e-26 0
2.35222e-26 0
2.36391e-26 0
2.37565e-26 0
2.38744e-26 0
2.3993e-26 0
2.41122e-26 0
2.42319e-26 0
2.43523e-26 0
2.44732e-26 0
2.45948e-26 0
2.47169e-26 0
2.48397e-26 0
2.4963e-26 0
2.5087e-26 0
2.52116e-26 0
2.53368e-26 0
2.54627e-26 0
2.55891e-26 0
2.57162e-26 0
2.58439e-26 0
2.59723e-26 0
2.61013e-26 0
2.62309e-26 0
2.63612e-26 0
2.64921e-26 0
2.66237e-26 0
2.67559e-26 0
2.68888e-26 0
2.70223e-26 0
2.71566e-26 0
2.72914e-26 0
2.7427e-26 0
2.75632e-26 0
2.77001e-26 0
2.78377e-26 0
2.79759e-26 0
2.81148e-26 0
2.82545e-26 0
2.83948e-26 0
2.85358e-26 0
2.86776e-26 0
2.882e-26 0
2.89631e-26 0
2.9107e-26 0
2.92515e-26 0
2.93968e-26 0
2.95428e-26 0
2.96895e-26 0
2.9837e-26 0
2.99852e-26 0
3.01341e-26 0
3.02837e-26 0
3.04342e-26 0
3.05853e-26 0
3.07372e-26 0
3.08899e-26 0
3.10433e-26 0
3.11975e-26 0
3.13524e-26 0
3.15081e-26 0
3.16646e-26 0
3.18219e-26 0
3.19799e-26 0
3.21387e-26 0
3.22983e-26 0
3.24588e-26 0
3.262e-26 0
3.2782e-26 0
3.29448e-26 0
3.31084e-26 0
3.32728e-26 0
3.34381e-26 0
3.36042e-26 0
3.37711e-26 0
3.39388e-26 0
3.41073e-26 0
3.42767e-26 0
3.4447e-26 0
3.4618e-26 0
3.479e-26 0
3.49628e-26 0
3.51364e-26 0
3.53109e-26 0
3.54863e-26 0
3.56625e-26 0
3.58396e-26 0
3.60176e-26 0
3.61965e-26 0
3.63763e-26 0
3.6557e-26 0
3.67385e-26 0
3.6921e-26 0
3.71044e-26 0
3.72886e-26 0
3.74738e-26 0
3.76599e-26 0
3.7847e-26 0
3.80349e-26 0
3.82238e-26 0
3.84137e-26 0
3.86045e-26 0
3.87962e-26 0
3.89889e-26 0
3.91825e-26 0
3.93771e-26 0
3.95727e-26 0
3.97692e-26 0
3.99667e-26 0
4.01652e-26 0
4.03647e-26 0
4.05652e-26 0
4.07667e-26 0
4.09691e-26 0
4.11726e-26 0
4.13771e-26 0
4.15826e-26 0
4.17891e-26 0
4.19966e-26 0
4.22052e-26 0
4.24148e-26 0
4.26255e-26 0
4.28372e-26 0
4.30499e-26 0
4.32637e-26 0
4.34786e-26 0
4.36946e-26 0
4.39116e-26 0
4.41297e-26 0
4.43488e-26 0
4.45691e-26 0
4.47904e-26 0
4.50129e-26 0
4.52364e-26 0
4.54611e-26 0
4.56869e-26 0
4.59138e-26 0
4.61418e-26 0
4.6371e-26 0
4.66013e-26 0
4.68327e-26 0
4.70653e-26 0
4.72991e-26 0
4.7534e-26 0
4.77701e-26 0
4.80073e-26 0
4.82458e-26 0
4.84854e-26 0
4.87262e-26 0
4.89682e-26 0
4.92114e-26 0
4.94558e-26 0
4.97014e-26 0
4.99483e-26 0
5.01963e-26 0
5.04456e-26 0
5.06962e-26 0
5.09479e-26 0
5.1201e-26 0
5.14553e-26 0
5.17108e-26 0
5.19676e-26 0
5.22257e-26 0
5.24851e-26 0
5.27458e-26 0
5.30078e-26 0
5.3271e-26 0
5.35356e-26 0
5.38015e-26 0
5.40687e-26 0
5.43372e-26 0
5.46071e-26 0
5.48783e-26 0
5.51508e-26 0
5.54247e-26 0
5.57e-26 0
5.59766e-26 0
5.62547e-26 0
5.6534e-26 0
5.68148e-26 0
5.7097e-26 0
5.73806e-26 0
5.76655e-26 0
5.79519e-26 0
5.82398e-26 0
5.8529e-26 0
5.88197e-26 0
5.91118e-26 0
5.94054e-26 0
5.97004e-26 0
5.99969e-26 0
6.02949e-26 0
6.05944e-26 0
6.08953e-26 0
6.11978e-26 0
6.15017e-26 0
6.18071e-26 0
6.21141e-26 0
6.24226e-26 0
6.27326e-26 0
6.30442e-26 0
6.33573e-26 0
6.3672e-26 0
6.39882e-26 0
6.4306e-26 0
6.46254e-26 0
6.49463e-26 0
6.52689e-26 0
6.5593e-26 0
6.59188e-26 0
6.62462e-26 0
6.65752e-26 0
6.69059e-26 0
6.72381e-26 0
6.75721e-26 0
6.79077e-26 0
6.82449e-26 0
6.85839e-26 0
6.89245e-26 0
6.92668e-26 0
6.96108e-26 0
6.99566e-26 0
7.0304e-26 0
7.06532e-26 0
7.10041e-26 0
7.13567e-26 0
7.17111e-26 0
7.20673e-26 0
7.24252e-26 0
7.27849e-26 0
7.31464e-26 0
7.35097e-26 0
7.38747e-26 0
7.42416e-26 0
7.46104e-26 0
7.49809e-26 0
7.53533e-26 0
7.57276e-26 0
7.61037e-26 0
7.64816e-26 0
7.68615e-26 0
7.72432e-26 0
7.76268e-26 0
7.80124e-26 0
7.83998e-26 0
7.87892e-26 0
7.91805e-26 0
7.95737e-26 0
7.9969e-26 0
8.03661e-26 0
8.07653e-26 0
8.11664e-26 0
8.15695e-26 0
8.19746e-26 0
8.23817e-26 0
8.27909e-26 0
8.32021e-26 0
8.36153e-26 0
8.40306e-26 0
8.44479e-26 0
8.48673e-26 0
8.52888e-26 0
8.57124e-26 0
8.61381e-26 0
8.65659e-26 0
8.69958e-26 0
8.74279e-26 0
8.78621e-26 0
8.82985e-26 0
8.8737e-26 0
8.91777e-26 0
8.96206e-26 0
9.00657e-26 0
9.0513e-26 0
9.09626e-26 0
9.14143e-26 0
9.18684e-26 0
9.23246e-26 0
9.27832e-26 0
9.3244e-26 0
9.37071e-26 0
9.41725e-26 0
9.46402e-26 0
9.51102e-26 0
9.55826e-26 0
9.60573e-26 0
9.65343e-26 0
9.70138e-26 0
9.74956e-26 0
9.79798e-26 0
9.84664e-26 0
9.89555e-26 0
9.94469e-26 0
9.99408e-26 0
1.00437e-25 0
1.00936e-25 0
1.01437e-25 0
1.01941e-25 0
1.02447e-25 0
1.02956e-25 0
1.03468e-25 0
1.03981e-25 0
1.04498e-25 0
1.05017e-25 0
1.05538e-25 0
1.06063e-25 0
1.06589e-25 0
1.07119e-25 0
1.07651e-25 0
1.08185e-25 -4.94066e-324
1.08723e-25 1.67982e-322
1.09263e-25 2.07508e-321
1.09805e-25 8.90306e-321
1.10351e-25 -8.38578e-320
1.10899e-25 -1.75607e-318
1.11449e-25 -1.27173e-317
1.12003e-25 1.22203e-317
1.12559e-25 1.27171e-315
1.13118e-25 1.35746e-314
1.1368e-25 4.13848e-314
1.14245e-25 -7.39107e-313
1.14812e-25 -1.21902e-311
1.15382e-25 -7.39755e-311
1.15955e-25 2.47514e-310
1.16531e-25 9.4174e-309
1.1711e-25 8.6467e-308
1.17692e-25 1.44077e-307
1.18276e-25 -1.66229e-305
1.18864e-25 -9.61205e-305
1.19454e-25 -6.86362e-304
1.20047e-25 -4.89341e-303
1.20643e-25 -3.47833e-302
1.21243e-25 -2.47716e-301
1.21845e-25 -1.76701e-300
1.2245e-25 -1.25638e-299
1.23058e-25 -8.92986e-299
1.23669e-25 -6.36557e-298
1.24283e-25 -4.53014e-297
1.24901e-25 -3.21573e-296
1.25521e-25 -2.28841e-295
1.26144e-25 -1.62969e-294
1.26771e-25 -1.15663e-293
1.274e-25 -8.21367e-293
1.28033e-25 -5.84785e-292
1.28669e-25 -4.15323e-291
1.29308e-25 -2.9444e-290
1.2995e-25 -2.09341e-289
1.30596e-25 -1.48799e-288
1.31244e-25 -1.05418e-287
1.31896e-25 -7.47938e-287
1.32551e-25 -5.317e-286
1.3321e-25 -3.76824e-285
1.33871e-25 -2.6682e-284
1.34536e-25 -1.89488e-283
1.35204e-25 -1.34403e-282
1.35876e-25 -9.50564e-282
1.3655e-25 -6.73748e-281
1.37229e-25 -4.78094e-280
1.3791e-25 -3.38105e-279
1.38595e-25 -2.39119e-278
1.39283e-25 -1.69578e-277
1.39975e-25 -1.20006e-276
1.4067e-25 -8.47339e-276
1.41369e-25 -5.99893e-275
1.42071e-25 -4.24794e-274
1.42777e-25 -2.9977e-273
1.43486e-25 -2.1175e-272
1.44198e-25 -1.49913e-271
1.44915e-25 -1.05832e-270
1.45634e-25 -7.46076e-270
1.46358e-25 -5.27481e-269
1.47085e-25 -3.72637e-268
1.47815e-25 -2.62411e-267
1.48549e-25 -1.8512e-266
1.49287e-25 -1.30794e-265
1.50028e-25 -9.21048e-265
1.50774e-25 -6.48284e-264
1.51522e-25 -4.57593e-263
1.52275e-25 -3.2243e-262
1.53031e-25 -2.26587e-261
1.53791e-25 -1.59616e-260
1.54555e-25 -1.12511e-259
1.55323e-25 -7.90288e-259
1.56094e-25 -5.55362e-258
1.56869e-25 -3.9124e-257
1.57648e-25 -2.74914e-256
1.58431e-25 -1.92804e-255
1.59218e-25 -1.35593e-254
1.60009e-25 -9.53246e-254
1.60804e-25 -6.67864e-253
1.61602e-25 -4.68544e-252
1.62405e-25 -3.29324e-251
1.63211e-25 -2.30736e-250
1.64022e-25 -1.61495e-249
1.64837e-25 -1.13354e-248
1.65655e-25 -7.94574e-248
1.66478e-25 -5.55282e-247
1.67305e-25 -3.88852e-246
1.68136e-25 -2.72589e-245
1.68971e-25 -1.90414e-244
1.6981e-25 -1.33e-243
1.70653e-25 -9.31423e-243
1.71501e-25 -6.50831e-242
1.72353e-25 -4.53677e-241
1.73209e-25 -3.17053e-240
1.74069e-25 -2.21592e-239
1.74933e-25 -1.54318e-238
1.75802e-25 -1.07558e-237
1.76675e-25 -7.51268e-237
1.77553e-25 -5.23184e-236
1.78435e-25 -3.6377e-235
1.79321e-25 -2.53631e-234
1.80211e-25 -1.76676e-233
1.81106e-25 -1.22659e-232
1.82006e-25 -8.5296e-232
1.8291e-25 -5.93977e-231
1.83818e-25 -4.12192e-230
1.84731e-25 -2.85855e-229
1.85649e-25 -1.98775e-228
1.86571e-25 -1.37962e-227
1.87497e-25 -9.54823e-227
1.88429e-25 -6.62309e-226
1.89364e-25 -4.59638e-225
1.90305e-25 -3.17809e-224
1.9125e-25 -2.19806e-223
1.922e-25 -1.5238e-222
1.93154e-25 -1.05349e-221
1.94114e-25 -7.26803e-221
1.95078e-25 -5.02729e-220
1.96047e-25 -3.47563e-219
1.9702e-25 -2.39421e-218
1.97999e-25 -1.65116e-217
1.98982e-25 -1.14068e-216
1.9997e-25 -7.85373e-216
2.00964e-25 -5.40068e-215
2.01962e-25 -3.7238e-214
2.02965e-25 -2.56371e-213
2.03973e-25 -1.75929e-212
2.04986e-25 -1.20953e-211
2.06004e-25 -8.32303e-211
2.07027e-25 -5.70581e-210
2.08055e-25 -3.91041e-209
2.09088e-25 -2.68657e-208
2.10127e-25 -1.84125e-207
2.1117e-25 -1.25859e-206
2.12219e-25 -8.62336e-206
2.13273e-25 -5.90786e-205
2.14332e-25 -4.03198e-204
2.15397e-25 -2.75342e-203
2.16467e-25 -1.88399e-202
2.17542e-25 -1.28497e-201
2.18622e-25 -8.74803e-201
2.19708e-25 -5.97101e-200
2.20799e-25 -4.07095e-199
2.21896e-25 -2.76548e-198
2.22998e-25 -1.8813e-197
2.24105e-25 -1.28137e-196
2.25218e-25 -8.69494e-196
2.26337e-25 -5.89465e-195
2.27461e-25 -4.00624e-194
2.28591e-25 -2.71702e-193
2.29726e-25 -1.8369e-192
2.30867e-25 -1.24439e-191
2.32014e-25 -8.4324e-191
2.33166e-25 -5.69129e-190
2.34324e-25 -3.84127e-189
2.35488e-25 -2.59817e-188
2.36657e-25 -1.75208e-187
2.37833e-25 -1.17865e-186
2.39014e-25 -7.94782e-186
2.40201e-25 -5.35536e-185
2.41394e-25 -3.59428e-184
2.42593e-25 -2.41444e-183
2.43798e-25 -1.62431e-182
2.45008e-25 -1.08873e-181
2.46225e-25 -7.28598e-181
2.47448e-25 -4.8879e-180
2.48677e-25 -3.27323e-179
2.49912e-25 -2.18401e-178
2.51153e-25 -1.45957e-177
2.52401e-25 -9.76054e-177
2.53654e-25 -6.50026e-176
2.54914e-25 -4.32622e-175
2.5618e-25 -2.88572e-174
2.57452e-25 -1.91952e-173
2.58731e-25 -1.27295e-172
2.60016e-25 -8.45932e-172
2.61307e-25 -5.61948e-171
2.62605e-25 -3.7171e-170
2.63909e-25 -2.4594e-169
2.6522e-25 -1.63004e-168
2.66537e-25 -1.07646e-167
2.67861e-25 -7.09278e-167
2.69191e-25 -4.68424e-166
2.70528e-25 -3.08905e-165
2.71872e-25 -2.02874e-164
2.73222e-25 -1.33381e-163
2.74579e-25 -8.77748e-163
2.75943e-25 -5.7519e-162
2.77313e-25 -3.76409e-161
2.78691e-25 -2.46878e-160
2.80075e-25 -1.6151e-159
2.81466e-25 -1.05274e-158
2.82864e-25 -6.87353e-158
2.84268e-25 -4.48768e-157
2.8568e-25 -2.91663e-156
2.87099e-25 -1.89476e-155
2.88525e-25 -1.2332e-154
2.89958e-25 -7.99808e-154
2.91398e-25 -5.17167e-153
2.92845e-25 -3.35101e-152
2.943e-25 -2.16881e-151
2.95761e-25 -1.39723e-150
2.9723e-25 -9.00546e-150
2.98706e-25 -5.81114e-149
3.0019e-25 -3.7337e-148
3.01681e-25 -2.39372e-147
3.03179e-25 -1.53796e-146
3.04685e-25 -9.85854e-146
3.06198e-25 -6.29194e-145
3.07719e-25 -4.02044e-144
3.09247e-25 -2.56967e-143
3.10783e-25 -1.6344e-142
3.12327e-25 -1.03823e-141
3.13878e-25 -6.60802e-141
3.15437e-25 -4.19134e-140
3.17003e-25 -2.64824e-139
3.18578e-25 -1.67614e-138
3.2016e-25 -1.05996e-137
3.2175e-25 -6.66833e-137
3.23348e-25 -4.19377e-136
3.24954e-25 -2.64116e-135
3.26568e-25 -1.65593e-134
3.2819e-25 -1.03496e-133
3.2982e-25 -6.48142e-133
3.31458e-25 -4.0504e-132
3.33104e-25 -2.51805e-131
3.34758e-25 -1.56625e-130
3.36421e-25 -9.74742e-130
3.38092e-25 -6.03392e-129
3.39771e-25 -3.72666e-128
3.41458e-25 -2.30611e-127
3.43154e-25 -1.42215e-126
3.44858e-25 -8.72686e-126
3.46571e-25 -5.36168e-125
3.48292e-25 -3.29217e-124
3.50022e-25 -2.00935e-123
3.5176e-25 -1.22473e-122
3.53508e-25 -7.47649e-122
3.55263e-25 -4.54221e-121
3.57028e-25 -2.7472e-120
3.58801e-25 -1.66435e-119
3.60583e-25 -1.0063e-118
3.62374e-25 -6.04497e-118
3.64173e-25 -3.62973e-117
3.65982e-25 -2.18115e-116
3.678e-25 -1.3026e-115
3.69626e-25 -7.74939e-115
3.71462e-25 -4.61872e-114
3.73307e-25 -2.7426e-113
3.75161e-25 -1.61752e-112
3.77024e-25 -9.54337e-112
3.78897e-25 -5.6279e-111
3.80779e-25 -3.29356e-110
3.8267e-25 -1.92139e-109
3.8457e-25 -1.12267e-108
3.8648e-25 -6.52136e-108
3.884e-25 -3.76123e-107
3.90329e-25 -2.17137e-106
3.92267e-25 -1.25053e-105
3.94215e-25 -7.13378e-105
3.96173e-25 -4.05889e-104
3.98141e-25 -2.31081e-103
4.00118e-25 -1.30381e-102
4.02105e-25 -7.29812e-102
4.04103e-25 -4.08888e-101
4.0611e-25 -2.27752e-100
4.08126e-25 -1.25233e-99
4.10153e-25 -6.86534e-99
4.1219e-25 -3.75537e-98
4.14238e-25 -2.0227e-97
4.16295e-25 -1.07698e-96
4.18362e-25 -5.7242e-96
4.2044e-25 -2.99601e-95
4.22528e-25 -1.53005e-94
4.24627e-25 -7.73214e-94
4.26736e-25 -3.84087e-93
4.28855e-25 -1.82058e-92
4.30985e-25 -8.23101e-92
4.33126e-25 -3.53769e-91
4.35277e-25 -1.315e-90
4.37439e-25 -3.26794e-90
4.39611e-25 3.82833e-90
4.41794e-25 1.47105e-88
4.43989e-25 1.5943e-87
4.46194e-25 1.31821e-86
4.4841e-25 9.63883e-86
4.50637e-25 6.72154e-85
4.52875e-25 4.51387e-84
4.55124e-25 2.91262e-83
4.57384e-25 1.84067e-82
4.59656e-25 1.15008e-81
4.61939e-25 7.05041e-81
4.64233e-25 4.25384e-80
4.66539e-25 2.54988e-79
4.68856e-25 1.51425e-78
4.71184e-25 8.87921e-78
4.73525e-25 5.1711e-77
4.75876e-25 2.99648e-76
4.7824e-25 1.72046e-75
4.80615e-25 9.80235e-75
4.83002e-25 5.56242e-74
4.85401e-25 3.137e-73
4.87812e-25 1.7557e-72
4.90234e-25 9.78008e-72
4.92669e-25 5.42428e-71
4.95116e-25 2.98865e-70
4.97575e-25 1.63745e-69
5.00046e-25 8.9365e-69
5.0253e-25 4.85148e-68
5.05025e-25 2.61816e-67
5.07534e-25 1.40676e-66
5.10054e-25 7.52582e-66
5.12587e-25 4.00362e-65
5.15133e-25 2.11915e-64
5.17692e-25 1.11704e-63
5.20263e-25 5.85905e-63
5.22847e-25 3.05664e-62
5.25443e-25 1.58746e-61
5.28053e-25 8.20766e-61
5.30676e-25 4.22132e-60
5.33311e-25 2.16018e-59
5.3596e-25 1.10054e-58
5.38622e-25 5.5794e-58
5.41297e-25 2.81355e-57
5.43985e-25 1.412e-56
5.46687e-25 7.05334e-56
5.49402e-25 3.50475e-55
5.52131e-25 1.73232e-54
5.54873e-25 8.52204e-54
5.57629e-25 4.17121e-53
5.60398e-25 2.03032e-52
5.63181e-25 9.83193e-52
5.65978e-25 4.73782e-51
5.68789e-25 2.27042e-50
5.71614e-25 1.08191e-49
5.74453e-25 5.12956e-49
5.77306e-25 2.41898e-48
5.80173e-25 1.13398e-47
5.83055e-25 5.28679e-47
5.8595e-25 2.45182e-46
5.88861e-25 1.13027e-45
5.91785e-25 5.1792e-45
5.94724e-25 2.36037e-44
5.97678e-25 1.06944e-43
6.00646e-25 4.81442e-43
6.0363e-25 2.15465e-42
6.06627e-25 9.58751e-42
6.0964e-25 4.23832e-41
6.12668e-25 1.86154e-40
6.15711e-25 8.128e-40
6.18769e-25 3.52604e-39
6.21842e-25 1.51904e-38
6.2493e-25 6.50272e-38
6.28034e-25 2.76596e-37
6.31153e-25 1.16808e-36
6.34288e-25 4.89863e-36
6.37438e-25 2.04102e-35
6.40604e-25 8.44291e-35
6.43785e-25 3.46624e-34
6.46983e-25 1.41325e-33
6.50196e-25 5.72094e-33
6.53425e-25 2.29761e-32
6.5667e-25 9.15809e-32
6.59932e-25 3.62389e-31
6.63209e-25 1.42248e-30
6.66503e-25 5.53795e-30
6.69813e-25 2.13957e-29
6.7314e-25 8.19959e-29
6.76483e-25 3.11506e-28
6.79843e-25 1.17366e-27
6.83219e-25 4.3858e-27
6.86613e-25 1.6242e-26
6.90023e-25 5.9609e-26
6.9345e-25 2.16899e-25
6.96894e-25 7.82023e-25
7.00355e-25 2.79243e-24
7.03833e-25 9.87973e-24
7.07329e-25 3.46288e-23
7.10842e-25 1.20152e-22
7.14372e-25 4.12742e-22
7.1792e-25 1.40406e-21
7.21486e-25 4.72665e-21
7.25069e-25 1.57411e-20
7.2867e-25 5.18794e-20
7.32289e-25 1.6915e-19
7.35926e-25 5.45223e-19
7.39581e-25 1.73773e-18
7.43254e-25 5.47643e-18
7.46945e-25 1.70531e-17
7.50655e-25 5.24576e-17
7.54383e-25 1.59442e-16
7.5813e-25 4.78582e-16
7.61895e-25 1.41782e-15
7.65679e-25 4.14622e-15
7.69482e-25 1.1966e-14
7.73304e-25 3.40562e-14
7.77144e-25 9.55695e-14
7.81004e-25 2.64428e-13
7.84883e-25 7.20894e-13
7.88781e-25 1.93549e-12
7.92698e-25 5.11745e-12
7.96635e-25 1.33182e-11
8.00592e-25 3.40916e-11
8.04568e-25 8.58131e-11
8.08564e-25 2.12332e-10
8.1258e-25 5.16037e-10
8.16615e-25 1.23114e-09
8.20671e-25 2.88231e-09
8.24747e-25 6.61666e-09
8.28843e-25 1.48809e-08
8.32959e-25 3.2769e-08
8.37096e-25 7.0598e-08
8.41254e-25 1.4864e-07
8.45432e-25 3.05551e-07
8.49631e-25 6.12623e-07
8.5385e-25 1.19636e-06
8.58091e-25 2.27218e-06
8.62353e-25 4.19051e-06
8.66636e-25 7.48987e-06
8.7094e-25 1.29431e-05
8.75265e-25 2.15664e-05
8.79612e-25 3.45297e-05
8.83981e-25 5.28864e-05
8.88371e-25 7.70328e-05
8.92783e-25 0.000105823
8.97217e-25 0.000135391
9.01674e-25 0.000157975
9.06152e-25 0.000161325
9.10652e-25 0.000129703
9.15175e-25 4.75885e-05
9.1972e-25 -9.33576e-05
9.24288e-25 -0.000284727
9.28878e-25 -0.000492431
9.33492e-25 -0.000654305
9.38128e-25 -0.00069092
9.42787e-25 -0.000534157
9.47469e-25 -0.000168847
9.52175e-25 0.000329753
9.56904e-25 0.000789535
9.61657e-25 0.000992316
9.66433e-25 0.000780934
9.71232e-25 0.000180407
9.76056e-25 -0.000547648
9.80904e-25 -0.000995508
9.85775e-25 -0.000842993
9.90671e-25 -0.000116251
9.95591e-25 0.000735677
1.00054e-24 0.00108673
1.00551e-24 0.000607752
1.0105e-24 -0.000381018
1.01552e-24 -0.00106314
1.02056e-24 -0.000792185
1.02563e-24 0.000243364
1.03072e-24 0.00106624
1.03584e-24 0.00081023
1.04099e-24 -0.000314416
1.04616e-24 -0.00109914
1.05135e-24 -0.000617656
1.05657e-24 0.000613609
1.06182e-24 0.00109823
1.0671e-24 0.000183274
1.0724e-24 -0.000975232
1.07772e-24 -0.000802676
1.08307e-24 0.000502047
1.08845e-24 0.00108451
1.09386e-24 5.39331e-05
1.09929e-24 -0.0010537
1.10475e-24 -0.000498301
1.11024e-24 0.000862911
1.11575e-24 0.00079097
1.12129e-24 -0.000619939
1.12686e-24 -0.000941732
1.13246e-24 0.000418548
1.13808e-24 0.00100758
1.14374e-24 -0.000282585
1.14942e-24 -0.0010218
1.15512e-24 0.000236439
1.16086e-24 0.00101445
1.16663e-24 -0.00026954
1.17242e-24 -0.000981692
1.17824e-24 0.000386078
1.1841e-24 0.000911536
1.18998e-24 -0.000563254
1.19589e-24 -0.000764428
1.20183e-24 0.000773244
1.20779e-24 0.000511122
1.21379e-24 -0.00094888
1.21982e-24 -0.000124427
1.22588e-24 0.000995026
1.23197e-24 -0.000349777
1.23809e-24 -0.000803751
1.24424e-24 0.000792867
1.25042e-24 0.000329588
1.25663e-24 -0.000992995
1.26287e-24 0.000337583
1.26914e-24 0.000747802
1.27544e-24 -0.000886815
1.28178e-24 -5.13366e-05
1.28814e-24 0.000921266
1.29454e-24 -0.000727435
1.30097e-24 -0.000271044
1.30743e-24 0.000970734
1.31392e-24 -0.000652729
1.32045e-24 -0.000318757
1.32701e-24 0.000973092
1.3336e-24 -0.000705958
1.34022e-24 -0.000197002
1.34688e-24 0.000920451
1.35357e-24 -0.000859741
1.36029e-24 0.000105704
1.36705e-24 0.000723354
1.37383e-24 -0.000998417
1.38066e-24 0.00055575
1.38752e-24 0.00026385
1.39441e-24 -0.000894201
1.40133e-24 0.000952433
1.40829e-24 -0.000437088
1.41529e-24 -0.000315281
1.42231e-24 0.000879295
1.42938e-24 -0.00097416
1.43648e-24 0.000593151
1.44361e-24 5.22676e-05
1.45078e-24 -0.000653635
1.45799e-24 0.000972963
1.46523e-24 -0.000904746
1.47251e-24 0.00050952
1.47982e-24 5.31938e-05
1.48717e-24 -0.000579554
1.49455e-24 0.000909401
1.50198e-24 -0.000964512
1.50944e-24 0.000772625
1.51693e-24 -0.000412355
1.52447e-24 -1.16311e-05
1.53204e-24 0.000420689
1.53965e-24 -0.000737315
1.54729e-24 0.000910882
1.55498e-24 -0.000923958
1.5627e-24 0.000816058
1.57046e-24 -0.000629904
1.57826e-24 0.000399246
1.5861e-24 -0.000133249
1.59398e-24 -0.00012519
1.60189e-24 0.000337412
1.60985e-24 -0.00049607
1.61785e-24 0.000632438
1.62588e-24 -0.000735235
1.63396e-24 0.000786737
1.64207e-24 -0.000796912
1.65023e-24 0.000811532
1.65842e-24 -0.000819123
1.66666e-24 0.000798479
1.67494e-24 -0.000766767
1.68325e-24 0.000766871
1.69161e-24 -0.000763603
1.70002e-24 0.000738118
1.70846e-24 -0.000725262
1.71694e-24 0.000742759
1.72547e-24 -0.00072951
1.73404e-24 0.000700542
1.74265e-24 -0.000693987
1.75131e-24 0.000671943
1.76001e-24 -0.000592001
1.76875e-24 0.000519341
1.77753e-24 -0.000432284
1.78636e-24 0.000276939
1.79523e-24 -0.000106146
1.80415e-24 -4.45604e-05
1.81311e-24 0.000250314
1.82211e-24 -0.000432171
1.83116e-24 0.000530814
1.84026e-24 -0.00061089
1.8494e-24 0.000606434
1.85858e-24 -0.000445172
1.86781e-24 0.00026141
1.87709e-24 -1.75065e-06
1.88641e-24 -0.000310602
1.89578e-24 0.000482094
1.9052e-24 -0.000567755
1.91466e-24 0.000518082
1.92417e-24 -0.000216967
1.93372e-24 -7.35246e-05
1.94333e-24 0.000382475
1.95298e-24 -0.000579138
1.96268e-24 0.000436938
1.97243e-24 -0.000198632
1.98222e-24 -0.000200025
1.99207e-24 0.000513587
2.00196e-24 -0.000456167
2.0119e-24 0.000268197
2.0219e-24 0.000220118
2.03194e-24 -0.000477627
2.04203e-24 0.000420732
2.05217e-24 -0.00012324
2.06236e-24 -0.000394118
2.07261e-24 0.000432973
2.0829e-24 -0.000265193
2.09324e-24 -0.000260504
2.10364e-24 0.000467173
2.11409e-24 -0.000228479
2.12459e-24 -0.00018078
2.13514e-24 0.000504545
2.14574e-24 -0.000113798
2.1564e-24 -0.000214507
2.16711e-24 0.000479249
2.17787e-24 5.5338e-05
2.18869e-24 -0.000309353
2.19956e-24 0.0003278
2.21048e-24 0.000273196
2.22146e-24 -0.000312769
2.23249e-24 2.50562e-05
2.24358e-24 0.00041466
2.25473e-24 -6.78944e-05
2.26592e-24 -0.000267373
2.27718e-24 0.000248058
2.28849e-24 0.000312035
2.29985e-24 -0.000172469
2.31127e-24 -0.000151986
2.32275e-24 0.000314434
2.33429e-24 0.000297469
2.34588e-24 -0.000119783
2.35753e-24 -0.000119668
2.36924e-24 0.000277862
2.38101e-24 0.000354268
2.39283e-24 -5.80004e-06
2.40472e-24 -0.000201432
2.41666e-24 2.7442e-05
2.42866e-24 0.00024976
2.44073e-24 7.85026e-05
2.45285e-24 -0.000269516
2.46503e-24 -0.000353866
2.47727e-24 -0.000109684
2.48958e-24 0.000130682
2.50194e-24 0.000115043
2.51437e-24 -5.33387e-05
2.52685e-24 -0.000105937
2.5394e-24 4.85837e-05
2.55202e-24 0.000244306
2.56469e-24 0.000257734
2.57743e-24 4.26847e-05
2.59023e-24 -0.000236108
2.60309e-24 -0.000355133
2.61602e-24 -0.000215032
2.62901e-24 8.13188e-05
2.64207e-24 0.00032069
2.65519e-24 0.000329167
2.66838e-24 0.000107111
2.68163e-24 -0.000171617
2.69495e-24 -0.000291099
2.70834e-24 -0.000173436
2.72179e-24 4.13477e-05
2.7353e-24 0.000130701
2.74889e-24 2.15069e-05
2.76254e-24 -0.000108593
2.77626e-24 -3.59922e-05
2.79005e-24 0.000207186
2.80391e-24 0.00031742
2.81783e-24 0.0001104
2.83183e-24 -0.000184089
2.84589e-24 -0.000183652
2.86003e-24 7.19545e-05
2.87423e-24 0.00013694
2.88851e-24 -0.000141111
2.90285e-24 -0.000309304
2.91727e-24 -6.25258e-05
2.93176e-24 0.000160599
2.94632e-24 -6.66302e-05
2.96095e-24 -0.000295881
2.97566e-24 -3.88056e-05
2.99043e-24 0.000184109
3.00529e-24 -0.00011293
3.02021e-24 -0.000267054
3.03521e-24 9.2593e-05
3.05029e-24 0.000117124
3.06544e-24 -0.000260584
3.08066e-24 -8.83807e-05
3.09596e-24 0.000201796
3.11134e-24 -0.000149924
3.12679e-24 -0.000176597
3.14232e-24 0.000219802
3.15792e-24 -5.54813e-05
3.17361e-24 -0.000167553
3.18937e-24 0.00024565
3.20521e-24 -3.25091e-05
3.22113e-24 -0.000120407
3.23713e-24 0.000247656
3.2532e-24 -0.000117001
3.26936e-24 -5.88086e-05
3.2856e-24 0.000174606
3.30192e-24 -0.000218488
3.31832e-24 8.65149e-05
3.3348e-24 4.48667e-05
3.35136e-24 -0.000145624
3.368e-24 0.000211611
3.38473e-24 -0.000145197
3.40154e-24 6.72303e-05
3.41843e-24 2.49085e-05
3.43541e-24 -0.000128474
3.45247e-24 0.00017391
3.46962e-24 -0.000178376
3.48685e-24 0.00018197
3.50417e-24 -0.000137416
3.52157e-24 8.68478e-05
3.53906e-24 -4.879e-05
3.55664e-24 9.72237e-06
3.5743e-24 3.73481e-05
3.59206e-24 -5.58154e-05
3.6099e-24 7.02528e-05
3.62782e-24 -8.21137e-05
3.64584e-24 8.93308e-05
3.66395e-24 -7.44464e-05
3.68215e-24 5.9918e-05
3.70043e-24 -3.87666e-05
3.71881e-24 1.43827e-05
3.73728e-24 2.94192e-05
3.75584e-24 -7.07829e-05
3.7745e-24 0.000111216
3.79324e-24 -0.000138012
3.81208e-24 0.000159035
3.83101e-24 -0.000153265
3.85004e-24 0.000125556
3.86916e-24 -6.6791e-05
3.88838e-24 -5.9075e-07
3.90769e-24 6.98633e-05
3.9271e-24 -0.000110608
3.9466e-24 0.000119343
3.9662e-24 -7.9182e-05
3.9859e-24 1.07036e-05
4.0057e-24 6.9794e-05
4.02559e-24 -0.000111676
4.04558e-24 9.13299e-05
4.06568e-24 2.67625e-07
4.08587e-24 -9.62832e-05
4.10616e-24 0.000119257
4.12656e-24 -2.13339e-05
4.14705e-24 -0.000104583
4.16765e-24 0.000119882
4.18835e-24 2.05894e-05
4.20915e-24 -0.000135948
4.23005e-24 5.92968e-05
4.25106e-24 0.00011273
4.27217e-24 -9.67771e-05
4.29339e-24 -8.21346e-05
4.31471e-24 0.000108658
4.33614e-24 7.20292e-05
4.35768e-24 -9.49614e-05
4.37932e-24 -7.34599e-05
4.40107e-24 6.97274e-05
4.42293e-24 8.37123e-05
4.4449e-24 -2.53288e-05
4.46697e-24 -7.54918e-05
4.48916e-24 -1.54539e-05
4.51145e-24 4.80621e-05
4.53386e-24 3.81007e-05
4.55638e-24 -1.00823e-05
4.579e-24 -2.85615e-05
4.60175e-24 -4.22911e-06
4.6246e-24 2.45938e-05
4.64757e-24 2.34693e-05
4.67065e-24 -6.13204e-06
4.69385e-24 -3.74934e-05
4.71716e-24 -4.64421e-05
4.74059e-24 -2.77718e-05
4.76413e-24 7.21303e-06
4.78779e-24 4.2079e-05
4.81157e-24 6.52345e-05
4.83547e-24 7.17981e-05
4.85948e-24 6.58969e-05
4.88362e-24 5.15558e-05
4.90787e-24 3.52886e-05
4.93225e-24 2.07495e-05
4.95674e-24 9.94668e-06
4.98136e-24 3.78527e-06
5.0061e-24 1.79539e-06
5.03097e-24 3.32471e-06
5.05595e-24 7.09927e-06
5.08106e-24 1.21266e-05
5.1063e-24 1.53743e-05
5.13166e-24 1.75336e-05
5.15714e-24 1.31545e-05
5.18276e-24 4.75697e-06
5.2085e-24 -8.11135e-06
5.23437e-24 -2.00389e-05
5.26036e-24 -2.39741e-05
5.28649e-24 -1.34917e-05
5.31274e-24 1.11126e-05
5.33913e-24 3.84938e-05
5.36565e-24 4.80446e-05
5.39229e-24 2.44286e-05
5.41908e-24 -2.34201e-05
5.44599e-24 -5.71644e-05
5.47304e-24 -3.85284e-05
5.50022e-24 2.27536e-05
5.52754e-24 6.0676e-05
5.55499e-24 2.40597e-05
5.58258e-24 -4.2631e-05
5.6103e-24 -4.23248e-05
5.63817e-24 2.45972e-05
5.66617e-24 4.37307e-05
5.69431e-24 -1.60056e-05
5.72259e-24 -3.32002e-05
5.75101e-24 2.10997e-05
5.77957e-24 1.93713e-05
5.80828e-24 -2.48424e-05
5.83713e-24 4.99567e-06
5.86612e-24 1.83532e-05
5.89525e-24 -2.27645e-05
5.92453e-24 1.21251e-05
5.95395e-24 1.22846e-05
5.98352e-24 -2.86202e-05
6.01324e-24 2.96672e-05
6.04311e-24 -9.85274e-06
6.07312e-24 -1.38588e-05
6.10328e-24 3.42839e-05
6.13359e-24 -3.82362e-05
6.16406e-24 3.17531e-05
6.19467e-24 -1.45187e-05
6.22544e-24 -3.41995e-07
6.25635e-24 1.43434e-05
6.28743e-24 -2.07146e-05
6.31865e-24 2.51531e-05
6.35003e-24 -2.52102e-05
6.38157e-24 2.6858e-05
6.41327e-24 -2.17977e-05
6.44512e-24 1.71221e-05
6.47713e-24 -1.14803e-05
6.5093e-24 6.25409e-06
6.54162e-24 8.03619e-06
6.57411e-24 -1.83092e-05
6.60676e-24 2.50402e-05
6.63958e-24 -2.85808e-05
6.67255e-24 2.23545e-05
6.70569e-24 2.52239e-06
6.739e-24 -1.75169e-05
6.77246e-24 2.95272e-05
6.8061e-24 -1.95258e-05
6.8399e-24 -1.33025e-05
6.87387e-24 2.36278e-05
6.90801e-24 -1.67058e-05
6.94232e-24 -1.5427e-05
6.9768e-24 2.29524e-05
7.01145e-24 6.41243e-06
7.04627e-24 -1.6517e-05
7.08127e-24 3.4521e-06
7.11644e-24 2.16953e-05
7.15178e-24 1.06036e-05
7.1873e-24 -8.6466e-06
7.223e-24 -9.40742e-06
7.25887e-24 4.84856e-06
7.29492e-24 1.3212e-05
7.33115e-24 2.94942e-06
7.36756e-24 -1.37157e-05
7.40415e-24 -2.15477e-05
7.44093e-24 -1.68344e-05
7.47788e-24 -3.47968e-06
7.51502e-24 1.30128e-05
7.55234e-24 2.10763e-05
7.58985e-24 1.18383e-05
7.62755e-24 -2.97729e-06
7.66543e-24 -4.71174e-06
7.7035e-24 8.6944e-06
7.74176e-24 1.6922e-05
7.78021e-24 6.26518e-06
7.81885e-24 -8.02389e-06
7.85768e-24 -4.27367e-07
7.89671e-24 1.45991e-05
7.93593e-24 4.65006e-06
7.97534e-24 -8.63642e-06
8.01495e-24 7.98557e-06
8.05476e-24 8.40679e-06
8.09476e-24 -1.3016e-05
8.13496e-24 5.64633e-06
8.17537e-24 3.9204e-06
8.21597e-24 -1.14084e-05
8.25677e-24 1.11985e-05
8.29778e-24 -4.43972e-06
8.33899e-24 2.32972e-06
8.38041e-24 1.62133e-06
8.42203e-24 -5.25989e-06
8.46386e-24 7.52471e-06
8.50589e-24 -5.57857e-06
8.54814e-24 6.69249e-06
8.59059e-24 -7.63977e-06
8.63326e-24 8.48949e-06
8.67614e-24 -6.22027e-06
8.71923e-24 6.28801e-06
8.76253e-24 -3.73971e-06
8.80605e-24 -3.24855e-07
8.84978e-24 5.96433e-06
8.89374e-24 -5.86461e-06
8.93791e-24 4.58631e-06
8.9823e-24 -5.46073e-07
9.02691e-24 -3.17884e-06
9.07174e-24 5.71204e-06
9.1168e-24 -6.13857e-07
9.16207e-24 -4.81234e-06
9.20758e-24 3.91254e-06
9.25331e-24 4.61809e-06
9.29926e-24 -2.86424e-06
9.34545e-24 -4.69609e-06
9.39186e-24 9.03012e-07
9.43851e-24 5.07735e-06
9.48538e-24 4.16549e-06
9.53249e-24 2.94611e-07
9.57984e-24 -2.44081e-06
9.62742e-24 -2.69193e-06
9.67523e-24 -1.38119e-06
9.72328e-24 7.94487e-08
9.77157e-24 2.59617e-07
9.8201e-24 -4.41416e-07
9.86888e-24 -6.46824e-07
9.91789e-24 -1.25267e-07
9.96715e-24 6.48771e-07
1.00166e-23 1.26007e-06
1.00664e-23 1.02925e-06
1.01164e-23 5.97848e-07
1.01666e-23 2.68438e-07
1.02171e-23 -1.73073e-07
1.02679e-23 -8.62668e-07
1.03189e-23 -8.35603e-07
1.03701e-23 1.02757e-06
1.04216e-23 1.89298e-06
1.04734e-23 3.68284e-07
1.05254e-23 -1.84029e-06
1.05777e-23 1.58471e-08
1.06302e-23 2.60166e-06
1.0683e-23 -5.13217e-07
1.07361e-23 -2.16842e-06
1.07894e-23 1.72115e-06
1.0843e-23 1.06829e-06
1.08968e-23 -4.40835e-08
1.09509e-23 4.9927e-07
1.10053e-23 -1.16579e-06
1.106e-23 8.87858e-07
1.11149e-23 -3.48406e-07
1.11701e-23 1.58177e-06
1.12256e-23 -6.38702e-07
1.12813e-23 1.29309e-06
1.13374e-23 -2.233e-06
1.13937e-23 2.14092e-06
1.14503e-23 -1.43249e-06
1.15071e-23 1.95969e-06
1.15643e-23 -3.9796e-08
1.16217e-23 -1.03256e-06
1.16794e-23 1.03738e-06
1.17374e-23 -3.25049e-07
1.17957e-23 -2.70909e-07
1.18543e-23 1.57634e-06
1.19132e-23 1.25819e-06
1.19724e-23 -6.52397e-07
1.20318e-23 -5.66105e-07
1.20916e-23 9.64511e-08
1.21516e-23 9.51489e-07
1.2212e-23 1.03984e-06
1.22726e-23 7.21812e-07
1.23336e-23 5.26481e-07
1.23948e-23 -1.73873e-07
1.24564e-23 -7.28236e-08
1.25183e-23 -1.02565e-06
1.25804e-23 -4.13265e-07
1.26429e-23 -1.51908e-07
1.27057e-23 1.1747e-06
1.27688e-23 7.55858e-07
1.28322e-23 -9.98911e-07
1.2896e-23 -2.75571e-07
1.296e-23 1.85721e-07
1.30244e-23 2.61599e-07
1.30891e-23 4.23515e-08
1.31541e-23 8.95406e-07
1.32194e-23 5.18745e-08
1.3285e-23 1.88509e-09
1.3351e-23 -1.99898e-07
1.34173e-23 4.29022e-08
1.3484e-23 -2.56662e-07
1.35509e-23 7.55549e-07
1.36182e-23 6.94253e-08
1.36859e-23 1.17898e-07
1.37538e-23 7.22023e-07
1.38222e-23 -4.84576e-07
1.38908e-23 -1.44704e-07
1.39598e-23 3.94905e-07
1.40291e-23 -3.70103e-07
1.40988e-23 4.54254e-07
1.41688e-23 7.83462e-07
1.42392e-23 2.41583e-07
1.43099e-23 -9.8993e-08
1.4381e-23 -8.81404e-07
1.44524e-23 -2.64119e-07
1.45242e-23 6.64682e-07
1.45963e-23 9.80002e-07
1.46688e-23 7.06559e-07
1.47417e-23 1.04408e-06
1.48149e-23 8.12467e-07
1.48885e-23 1.05456e-07
1.49624e-23 4.46898e-07
1.50367e-23 4.38208e-07
1.51114e-23 2.93331e-07
1.51864e-23 5.67332e-07
1.52619e-23 8.49485e-07
1.53377e-23 6.89748e-08
1.54138e-23 -2.47599e-07
1.54904e-23 2.13376e-07
1.55673e-23 3.77451e-07
1.56446e-23 -3.02731e-07
1.57223e-23 -3.85507e-07
1.58004e-23 4.13044e-07
1.58789e-23 1.94649e-07
1.59578e-23 -1.0785e-07
1.6037e-23 8.33179e-07
1.61167e-23 2.31215e-07
1.61967e-23 -1.76834e-07
1.62771e-23 -5.3853e-08
1.6358e-23 4.12636e-08
1.64392e-23 -1.77251e-07
1.65209e-23 2.1102e-07
1.66029e-23 4.6111e-08
1.66854e-23 2.98435e-07
1.67683e-23 1.83473e-07
1.68515e-23 -1.16872e-07
1.69352e-23 -3.62956e-09
1.70193e-23 2.72694e-07
1.71039e-23 -3.0903e-07
1.71888e-23 -3.44704e-07
1.72742e-23 2.71106e-07
1.736e-23 1.72758e-07
1.74462e-23 1.28716e-07
1.75328e-23 9.58362e-08
1.76199e-23 2.83773e-07
1.77074e-23 3.67609e-07
1.77954e-23 -2.4722e-07
1.78837e-23 -2.17564e-07
1.79726e-23 1.52342e-07
1.80618e-23 -1.98329e-08
1.81515e-23 2.90277e-08
1.82417e-23 -5.50984e-08
1.83323e-23 2.76503e-07
1.84233e-23 3.03448e-07
1.85148e-23 2.7446e-07
1.86068e-23 -2.55026e-07
1.86992e-23 1.1435e-07
1.87921e-23 -1.11095e-08
1.88854e-23 -7.42768e-08
1.89792e-23 4.00039e-08
1.90734e-23 -1.28304e-07
1.91682e-23 6.9653e-08
1.92634e-23 -1.33423e-08
1.9359e-23 5.25423e-07
1.94552e-23 7.18241e-08
1.95518e-23 3.73524e-07
1.96489e-23 4.39278e-07
1.97465e-23 3.26154e-07
1.98446e-23 1.77436e-07
1.99431e-23 -3.44498e-08
2.00422e-23 2.43649e-07
2.01417e-23 3.20942e-07
2.02418e-23 4.4916e-07
2.03423e-23 6.49984e-08
2.04433e-23 -1.3504e-07
2.05449e-23 2.2285e-07
2.06469e-23 1.92349e-07
2.07494e-23 1.6149e-07
2.08525e-23 2.30473e-08
2.09561e-23 -1.53916e-07
2.10601e-23 -1.19386e-07
2.11647e-23 8.06143e-08
2.12698e-23 8.3095e-08
2.13755e-23 8.90371e-08
2.14816e-23 -1.36053e-07
2.15883e-23 7.79846e-08
2.16955e-23 1.78554e-07
2.18033e-23 6.89887e-08
2.19116e-23 1.26332e-07
2.20204e-23 2.16844e-07
2.21298e-23 -8.58874e-08
2.22397e-23 -1.64381e-07
2.23501e-23 -2.57911e-07
2.24611e-23 -8.70211e-08
2.25727e-23 1.26382e-07
2.26848e-23 -1.04312e-07
2.27975e-23 -1.51872e-07
2.29107e-23 2.70822e-07
2.30245e-23 1.92042e-07
2.31388e-23 8.72763e-08
2.32537e-23 2.64248e-07
2.33692e-23 -1.14174e-07
2.34853e-23 -3.95668e-08
2.36019e-23 6.39355e-09
2.37192e-23 -3.95528e-08
2.3837e-23 1.45008e-07
2.39553e-23 -6.5332e-08
2.40743e-23 -1.75178e-07
2.41939e-23 -3.96539e-08
2.4314e-23 -2.77121e-08
2.44348e-23 3.65273e-07
2.45562e-23 3.15313e-07
2.46781e-23 2.99299e-07
2.48007e-23 8.57829e-08
2.49239e-23 2.25367e-07
2.50476e-23 1.84313e-07
2.5172e-23 1.21275e-07
2.52971e-23 -4.45653e-08
2.54227e-23 7.77799e-09
2.5549e-23 -4.34456e-08
2.56758e-23 -4.4576e-08
2.58034e-23 -1.11608e-07
2.59315e-23 1.84588e-07
2.60603e-23 -6.54895e-09
2.61897e-23 1.73113e-07
2.63198e-23 -3.83608e-09
2.64505e-23 1.80831e-07
2.65819e-23 -1.27707e-07
2.67139e-23 -6.44202e-09
2.68466e-23 9.05221e-08
2.69799e-23 1.30446e-07
2.71139e-23 2.62481e-09
2.72486e-23 -1.22965e-07
2.73839e-23 -2.69458e-08
2.75199e-23 -6.81588e-08
2.76566e-23 -7.98689e-08
2.77939e-23 3.06754e-09
2.7932e-23 -2.63279e-09
2.80707e-23 2.96385e-07
2.82101e-23 -7.69914e-09
2.83502e-23 -8.06871e-09
2.8491e-23 1.27996e-08
2.86325e-23 9.29407e-08
2.87747e-23 1.34477e-07
2.89176e-23 -8.68515e-08
2.90613e-23 4.64916e-08
2.92056e-23 1.41679e-07
2.93506e-23 6.63561e-08
2.94964e-23 -8.43494e-08
2.96429e-23 4.22159e-08
2.97901e-23 -1.72622e-07
2.99381e-23 3.91172e-08
3.00868e-23 2.29748e-07
3.02362e-23 5.06552e-08
3.03864e-23 2.57208e-08
3.05373e-23 -1.10199e-08
3.06889e-23 6.10776e-08
3.08414e-23 3.27653e-08
3.09945e-23 3.89054e-08
3.11485e-23 2.92349e-08
3.13032e-23 1.24129e-08
3.14586e-23 1.59679e-07
3.16149e-23 1.48223e-08
3.17719e-23 -4.04696e-08
3.19297e-23 -1.10612e-07
3.20883e-23 5.9634e-08
3.22476e-23 -1.74304e-07
3.24078e-23 -1.72125e-07
