1.62039e-27 -0.00664948
1.62844e-27 -0.00671295
1.63652e-27 -0.00677701
1.64465e-27 -0.00684164
1.65282e-27 -0.00690686
1.66103e-27 -0.00697268
1.66928e-27 -0.00703909
1.67757e-27 -0.0071061
1.6859e-27 -0.00717372
1.69427e-27 -0.00724195
1.70269e-27 -0.0073108
1.71115e-27 -0.00738027
1.71964e-27 -0.00745037
1.72818e-27 -0.00752109
1.73677e-27 -0.00759246
1.74539e-27 -0.00766446
1.75406e-27 -0.00773711
1.76277e-27 -0.00781041
1.77153e-27 -0.00788437
1.78033e-27 -0.00795899
1.78917e-27 -0.00803428
1.79805e-27 -0.00811024
1.80698e-27 -0.00818687
1.81596e-27 -0.00826419
1.82498e-27 -0.00834219
1.83404e-27 -0.00842089
1.84315e-27 -0.00850028
1.8523e-27 -0.00858038
1.8615e-27 -0.00866119
1.87075e-27 -0.00874271
1.88004e-27 -0.00882495
1.88938e-27 -0.00890791
1.89876e-27 -0.00899161
1.90819e-27 -0.00907604
1.91767e-27 -0.00916121
1.92719e-27 -0.00924712
1.93676e-27 -0.00933379
1.94638e-27 -0.00942121
1.95605e-27 -0.0095094
1.96576e-27 -0.00959835
1.97553e-27 -0.00968808
1.98534e-27 -0.00977859
1.9952e-27 -0.00986988
2.00511e-27 -0.00996197
2.01507e-27 -0.0100548
2.02507e-27 -0.0101485
2.03513e-27 -0.010243
2.04524e-27 -0.0103383
2.0554e-27 -0.0104344
2.06561e-27 -0.0105314
2.07586e-27 -0.0106291
2.08617e-27 -0.0107277
2.09654e-27 -0.0108272
2.10695e-27 -0.0109275
2.11741e-27 -0.0110286
2.12793e-27 -0.0111306
2.1385e-27 -0.0112335
2.14912e-27 -0.0113372
2.15979e-27 -0.0114418
2.17052e-27 -0.0115473
2.1813e-27 -0.0116537
2.19213e-27 -0.011761
2.20302e-27 -0.0118691
2.21396e-27 -0.0119782
2.22496e-27 -0.0120882
2.23601e-27 -0.0121991
2.24711e-27 -0.0123109
2.25827e-27 -0.0124236
2.26949e-27 -0.0125373
2.28076e-27 -0.0126519
2.29209e-27 -0.0127675
2.30347e-27 -0.0128839
2.31491e-27 -0.0130014
2.32641e-27 -0.0131198
2.33796e-27 -0.0132392
2.34957e-27 -0.0133595
2.36124e-27 -0.0134808
2.37297e-27 -0.0136031
2.38475e-27 -0.0137264
2.3966e-27 -0.0138507
2.4085e-27 -0.013976
2.42046e-27 -0.0141023
2.43248e-27 -0.0142296
2.44456e-27 -0.0143579
2.45671e-27 -0.0144872
2.46891e-27 -0.0146175
2.48117e-27 -0.0147489
2.49349e-27 -0.0148813
2.50588e-27 -0.0150148
2.51832e-27 -0.0151493
2.53083e-27 -0.0152848
2.5434e-27 -0.0154214
2.55603e-27 -0.0155591
2.56872e-27 -0.0156978
2.58148e-27 -0.0158376
2.5943e-27 -0.0159785
2.60719e-27 -0.0161204
2.62014e-27 -0.0162635
2.63315e-27 -0.0164076
2.64623e-27 -0.0165528
2.65937e-27 -0.0166991
2.67258e-27 -0.0168465
2.68585e-27 -0.016995
2.69919e-27 -0.0171447
2.71259e-27 -0.0172954
2.72607e-27 -0.0174473
2.73961e-27 -0.0176002
2.75321e-27 -0.0177544
2.76689e-27 -0.0179096
2.78063e-27 -0.018066
2.79444e-27 -0.0182235
2.80832e-27 -0.0183821
2.82226e-27 -0.0185419
2.83628e-27 -0.0187029
2.85037e-27 -0.018865
2.86452e-27 -0.0190282
2.87875e-27 -0.0191926
2.89305e-27 -0.0193582
2.90742e-27 -0.0195249
2.92186e-27 -0.0196928
2.93637e-27 -0.0198619
2.95095e-27 -0.0200321
2.96561e-27 -0.0202035
2.98034e-27 -0.0203761
2.99514e-27 -0.0205499
3.01001e-27 -0.0207248
3.02496e-27 -0.0209009
3.03999e-27 -0.0210782
3.05508e-27 -0.0212567
3.07026e-27 -0.0214363
3.08551e-27 -0.0216172
3.10083e-27 -0.0217992
3.11623e-27 -0.0219824
3.13171e-27 -0.0221668
3.14726e-27 -0.0223524
3.16289e-27 -0.0225391
3.1786e-27 -0.0227271
3.19439e-27 -0.0229162
3.21025e-27 -0.0231066
3.22619e-27 -0.0232981
3.24222e-27 -0.0234908
3.25832e-27 -0.0236846
3.2745e-27 -0.0238797
3.29077e-27 -0.0240759
3.30711e-27 -0.0242733
3.32353e-27 -0.0244719
3.34004e-27 -0.0246716
3.35663e-27 -0.0248725
3.3733e-27 -0.0250746
3.39005e-27 -0.0252779
3.40689e-27 -0.0254823
3.42381e-27 -0.0256878
3.44081e-27 -0.0258945
3.4579e-27 -0.0261023
3.47508e-27 -0.0263113
3.49234e-27 -0.0265215
3.50968e-27 -0.0267327
3.52711e-27 -0.0269451
3.54463e-27 -0.0271586
3.56223e-27 -0.0273732
3.57993e-27 -0.0275889
3.59771e-27 -0.0278057
3.61557e-27 -0.0280236
3.63353e-27 -0.0282425
3.65158e-27 -0.0284626
3.66971e-27 -0.0286837
3.68794e-27 -0.0289058
3.70625e-27 -0.029129
3.72466e-27 -0.0293533
3.74316e-27 -0.0295785
3.76175e-27 -0.0298048
3.78043e-27 -0.0300321
3.79921e-27 -0.0302604
3.81808e-27 -0.0304896
3.83704e-27 -0.0307199
3.8561e-27 -0.030951
3.87525e-27 -0.0311831
3.89449e-27 -0.0314162
3.91384e-27 -0.0316501
3.93327e-27 -0.031885
3.95281e-27 -0.0321207
3.97244e-27 -0.0323573
3.99217e-27 -0.0325947
4.012e-27 -0.0328329
4.03192e-27 -0.033072
4.05195e-27 -0.0333119
4.07207e-27 -0.0335525
4.0923e-27 -0.0337939
4.11262e-27 -0.034036
4.13304e-27 -0.0342789
4.15357e-27 -0.0345224
4.1742e-27 -0.0347666
4.19493e-27 -0.0350115
4.21577e-27 -0.035257
4.2367e-27 -0.035503
4.25775e-27 -0.0357497
4.27889e-27 -0.0359969
4.30014e-27 -0.0362446
4.3215e-27 -0.0364929
4.34296e-27 -0.0367416
4.36453e-27 -0.0369907
4.38621e-27 -0.0372403
4.40799e-27 -0.0374902
4.42988e-27 -0.0377405
4.45189e-27 -0.0379911
4.474e-27 -0.038242
4.49622e-27 -0.0384932
4.51855e-27 -0.0387446
4.54099e-27 -0.0389961
4.56354e-27 -0.0392479
4.58621e-27 -0.0394997
4.60898e-27 -0.0397516
4.63187e-27 -0.0400036
4.65488e-27 -0.0402556
4.678e-27 -0.0405075
4.70123e-27 -0.0407594
4.72458e-27 -0.0410111
4.74804e-27 -0.0412627
4.77162e-27 -0.0415141
4.79532e-27 -0.0417653
4.81914e-27 -0.0420161
4.84307e-27 -0.0422666
4.86713e-27 -0.0425167
4.8913e-27 -0.0427664
4.91559e-27 -0.0430157
4.94e-27 -0.0432643
4.96454e-27 -0.0435124
4.9892e-27 -0.0437599
5.01397e-27 -0.0440067
5.03888e-27 -0.0442527
5.0639e-27 -0.0444979
5.08905e-27 -0.0447423
5.11433e-27 -0.0449858
5.13973e-27 -0.0452283
5.16525e-27 -0.0454697
5.19091e-27 -0.0457101
5.21669e-27 -0.0459493
5.2426e-27 -0.0461874
5.26863e-27 -0.0464241
5.2948e-27 -0.0466595
5.3211e-27 -0.0468934
5.34753e-27 -0.0471259
5.37408e-27 -0.0473569
5.40077e-27 -0.0475862
5.4276e-27 -0.0478138
5.45455e-27 -0.0480397
5.48164e-27 -0.0482637
5.50887e-27 -0.0484858
5.53623e-27 -0.048706
5.56372e-27 -0.048924
5.59136e-27 -0.04914
5.61913e-27 -0.0493537
5.64703e-27 -0.0495651
5.67508e-27 -0.0497741
5.70326e-27 -0.0499806
5.73159e-27 -0.0501846
5.76006e-27 -0.0503859
5.78866e-27 -0.0505845
5.81741e-27 -0.0507803
5.84631e-27 -0.0509732
5.87534e-27 -0.0511631
5.90452e-27 -0.0513499
5.93385e-27 -0.0515335
5.96332e-27 -0.0517138
5.99293e-27 -0.0518908
6.0227e-27 -0.0520643
6.05261e-27 -0.0522342
6.08267e-27 -0.0524004
6.11288e-27 -0.0525629
6.14324e-27 -0.0527214
6.17375e-27 -0.052876
6.20441e-27 -0.0530265
6.23523e-27 -0.0531729
6.26619e-27 -0.0533149
6.29731e-27 -0.0534525
6.32859e-27 -0.0535856
6.36002e-27 -0.053714
6.39161e-27 -0.0538378
6.42335e-27 -0.0539566
6.45525e-27 -0.0540705
6.48731e-27 -0.0541793
6.51953e-27 -0.054283
6.55191e-27 -0.0543813
6.58445e-27 -0.0544741
6.61715e-27 -0.0545614
6.65002e-27 -0.054643
6.68305e-27 -0.0547189
6.71624e-27 -0.0547888
6.74959e-27 -0.0548526
6.78312e-27 -0.0549103
6.8168e-27 -0.0549617
6.85066e-27 -0.0550067
6.88468e-27 -0.0550451
6.91888e-27 -0.0550768
6.95324e-27 -0.0551017
6.98777e-27 -0.0551197
7.02248e-27 -0.0551307
7.05735e-27 -0.0551344
7.0924e-27 -0.0551308
7.12763e-27 -0.0551198
7.16303e-27 -0.0551012
7.1986e-27 -0.0550748
7.23436e-27 -0.0550406
7.27029e-27 -0.0549984
7.30639e-27 -0.0549481
7.34268e-27 -0.0548896
7.37915e-27 -0.0548226
7.4158e-27 -0.0547471
7.45263e-27 -0.054663
7.48964e-27 -0.0545701
7.52684e-27 -0.0544683
7.56422e-27 -0.0543574
7.60179e-27 -0.0542373
7.63954e-27 -0.0541079
7.67748e-27 -0.0539691
7.71562e-27 -0.0538206
7.75393e-27 -0.0536625
7.79244e-27 -0.0534945
7.83115e-27 -0.0533166
7.87004e-27 -0.0531285
7.90913e-27 -0.0529302
7.94841e-27 -0.0527216
7.98788e-27 -0.0525024
8.02755e-27 -0.0522727
8.06742e-27 -0.0520323
8.10749e-27 -0.0517809
8.14776e-27 -0.0515187
8.18822e-27 -0.0512453
8.22889e-27 -0.0509608
8.26976e-27 -0.0506649
8.31083e-27 -0.0503576
8.35211e-27 -0.0500387
8.39359e-27 -0.0497082
8.43527e-27 -0.049366
8.47717e-27 -0.0490119
8.51927e-27 -0.0486459
8.56158e-27 -0.0482678
8.6041e-27 -0.0478775
8.64683e-27 -0.047475
8.68978e-27 -0.0470603
8.73294e-27 -0.0466331
8.77631e-27 -0.0461934
8.8199e-27 -0.0457411
8.8637e-27 -0.0452762
8.90772e-27 -0.0447987
8.95196e-27 -0.0443083
8.99642e-27 -0.0438051
9.0411e-27 -0.0432891
9.08601e-27 -0.0427601
9.13113e-27 -0.0422181
9.17648e-27 -0.0416631
9.22206e-27 -0.041095
9.26786e-27 -0.0405139
9.31389e-27 -0.0399197
9.36015e-27 -0.0393123
9.40663e-27 -0.0386918
9.45335e-27 -0.0380581
9.5003e-27 -0.0374113
9.54748e-27 -0.0367513
9.5949e-27 -0.0360783
9.64256e-27 -0.0353921
9.69045e-27 -0.0346928
9.73857e-27 -0.0339805
9.78694e-27 -0.0332552
9.83555e-27 -0.0325169
9.8844e-27 -0.0317657
9.93349e-27 -0.0310017
9.98282e-27 -0.030225
1.00324e-26 -0.0294356
1.00822e-26 -0.0286336
1.01323e-26 -0.0278191
1.01826e-26 -0.0269922
1.02332e-26 -0.0261531
1.0284e-26 -0.0253018
1.03351e-26 -0.0244386
1.03864e-26 -0.0235635
1.0438e-26 -0.0226768
1.04898e-26 -0.0217785
1.05419e-26 -0.0208688
1.05943e-26 -0.0199481
1.06469e-26 -0.0190163
1.06998e-26 -0.0180739
1.07529e-26 -0.0171209
1.08063e-26 -0.0161576
1.086e-26 -0.0151842
1.09139e-26 -0.0142011
1.09682e-26 -0.0132084
1.10226e-26 -0.0122065
1.10774e-26 -0.0111956
1.11324e-26 -0.0101761
1.11877e-26 -0.00914823
1.12432e-26 -0.00811233
1.12991e-26 -0.00706875
1.13552e-26 -0.00601783
1.14116e-26 -0.00495994
1.14683e-26 -0.00389545
1.15252e-26 -0.00282476
1.15825e-26 -0.00174826
1.164e-26 -0.000666364
1.16978e-26 0.000420502
1.17559e-26 0.0015119
1.18143e-26 0.00260738
1.1873e-26 0.00370649
1.19319e-26 0.00480873
1.19912e-26 0.00591364
1.20507e-26 0.0070207
1.21106e-26 0.00812941
1.21707e-26 0.00923923
1.22312e-26 0.0103496
1.22919e-26 0.0114601
1.2353e-26 0.01257
1.24143e-26 0.0136789
1.2476e-26 0.014786
1.25379e-26 0.0158909
1.26002e-26 0.0169929
1.26628e-26 0.0180914
1.27257e-26 0.0191858
1.27889e-26 0.0202754
1.28524e-26 0.0213597
1.29162e-26 0.0224379
1.29804e-26 0.0235094
1.30449e-26 0.0245735
1.31096e-26 0.0256295
1.31747e-26 0.0266768
1.32402e-26 0.0277146
1.33059e-26 0.0287423
1.3372e-26 0.0297591
1.34384e-26 0.0307644
1.35052e-26 0.0317573
1.35723e-26 0.0327373
1.36397e-26 0.0337036
1.37074e-26 0.0346553
1.37755e-26 0.0355919
1.38439e-26 0.0365126
1.39127e-26 0.0374167
1.39817e-26 0.0383033
1.40512e-26 0.0391719
1.4121e-26 0.0400216
1.41911e-26 0.0408517
1.42616e-26 0.0416616
1.43324e-26 0.0424504
1.44036e-26 0.0432176
1.44751e-26 0.0439623
1.4547e-26 0.0446839
1.46193e-26 0.0453817
1.46919e-26 0.0460551
1.47648e-26 0.0467033
1.48382e-26 0.0473257
1.49119e-26 0.0479217
1.49859e-26 0.0484906
1.50604e-26 0.0490318
1.51352e-26 0.0495448
1.52103e-26 0.0500289
1.52859e-26 0.0504836
1.53618e-26 0.0509084
1.54381e-26 0.0513028
1.55148e-26 0.0516663
1.55918e-26 0.0519983
1.56692e-26 0.0522985
1.57471e-26 0.0525665
1.58253e-26 0.0528019
1.59039e-26 0.0530043
1.59829e-26 0.0531735
1.60622e-26 0.0533091
1.6142e-26 0.0534108
1.62222e-26 0.0534786
1.63027e-26 0.0535121
1.63837e-26 0.0535113
1.64651e-26 0.053476
1.65469e-26 0.0534063
1.6629e-26 0.053302
1.67116e-26 0.0531633
1.67946e-26 0.0529902
1.6878e-26 0.0527827
1.69619e-26 0.0525412
1.70461e-26 0.0522657
1.71308e-26 0.0519567
1.72158e-26 0.0516143
1.73013e-26 0.0512389
1.73873e-26 0.050831
1.74736e-26 0.0503911
1.75604e-26 0.0499196
1.76476e-26 0.0494172
1.77353e-26 0.0488845
1.78234e-26 0.0483222
1.79119e-26 0.0477309
1.80008e-26 0.0471116
1.80902e-26 0.0464651
1.81801e-26 0.0457924
1.82704e-26 0.0450943
1.83611e-26 0.0443719
1.84523e-26 0.0436263
1.85439e-26 0.0428586
1.8636e-26 0.0420701
1.87286e-26 0.041262
1.88216e-26 0.0404356
1.89151e-26 0.0395923
1.9009e-26 0.0387335
1.91034e-26 0.0378605
1.91983e-26 0.0369751
1.92937e-26 0.0360786
1.93895e-26 0.0351728
1.94858e-26 0.0342592
1.95826e-26 0.0333396
1.96798e-26 0.0324157
1.97776e-26 0.0314892
1.98758e-26 0.0305621
1.99745e-26 0.029636
2.00737e-26 0.0287129
2.01734e-26 0.0277947
2.02736e-26 0.0268833
2.03743e-26 0.0259806
2.04755e-26 0.0250886
2.05772e-26 0.0242093
2.06794e-26 0.0233445
2.07821e-26 0.0224964
2.08853e-26 0.0216668
2.0989e-26 0.0208578
2.10932e-26 0.0200712
2.1198e-26 0.0193091
2.13033e-26 0.0185734
2.14091e-26 0.017866
2.15154e-26 0.0171887
2.16223e-26 0.0165435
2.17297e-26 0.015932
2.18376e-26 0.015356
2.1946e-26 0.0148173
2.2055e-26 0.0143175
2.21646e-26 0.0138582
2.22747e-26 0.0134408
2.23853e-26 0.0130669
2.24965e-26 0.0127377
2.26082e-26 0.0124546
2.27205e-26 0.0122187
2.28333e-26 0.0120311
2.29467e-26 0.0118928
2.30607e-26 0.0118046
2.31752e-26 0.0117673
2.32903e-26 0.0117816
2.3406e-26 0.0118479
2.35222e-26 0.0119667
2.36391e-26 0.0121381
2.37565e-26 0.0123623
2.38744e-26 0.0126392
2.3993e-26 0.0129687
2.41122e-26 0.0133504
2.42319e-26 0.0137839
2.43523e-26 0.0142684
2.44732e-26 0.0148033
2.45948e-26 0.0153874
2.47169e-26 0.0160198
2.48397e-26 0.0166991
2.4963e-26 0.0174238
2.5087e-26 0.0181924
2.52116e-26 0.0190031
2.53368e-26 0.0198538
2.54627e-26 0.0207426
2.55891e-26 0.0216672
2.57162e-26 0.022625
2.58439e-26 0.0236137
2.59723e-26 0.0246304
2.61013e-26 0.0256723
2.62309e-26 0.0267364
2.63612e-26 0.0278196
2.64921e-26 0.0289187
2.66237e-26 0.0300303
2.67559e-26 0.0311509
2.68888e-26 0.032277
2.70223e-26 0.033405
2.71566e-26 0.0345311
2.72914e-26 0.0356516
2.7427e-26 0.0367627
2.75632e-26 0.0378605
2.77001e-26 0.0389411
2.78377e-26 0.0400006
2.79759e-26 0.0410353
2.81148e-26 0.0420411
2.82545e-26 0.0430144
2.83948e-26 0.0439513
2.85358e-26 0.0448482
2.86776e-26 0.0457014
2.882e-26 0.0465075
2.89631e-26 0.0472632
2.9107e-26 0.0479651
2.92515e-26 0.0486102
2.93968e-26 0.0491957
2.95428e-26 0.0497188
2.96895e-26 0.0501771
2.9837e-26 0.0505683
2.99852e-26 0.0508904
3.01341e-26 0.0511417
3.02837e-26 0.0513206
3.04342e-26 0.0514261
3.05853e-26 0.0514572
3.07372e-26 0.0514134
3.08899e-26 0.0512944
3.10433e-26 0.0511004
3.11975e-26 0.0508318
3.13524e-26 0.0504894
3.15081e-26 0.0500744
3.16646e-26 0.0495883
3.18219e-26 0.049033
3.19799e-26 0.0484108
3.21387e-26 0.0477242
3.22983e-26 0.0469764
3.24588e-26 0.0461706
3.262e-26 0.0453105
3.2782e-26 0.0444002
3.29448e-26 0.043444
3.31084e-26 0.0424465
3.32728e-26 0.0414129
3.34381e-26 0.0403481
3.36042e-26 0.0392579
3.37711e-26 0.0381478
3.39388e-26 0.0370239
3.41073e-26 0.0358921
3.42767e-26 0.0347587
3.4447e-26 0.0336301
3.4618e-26 0.0325127
3.479e-26 0.031413
3.49628e-26 0.0303373
3.51364e-26 0.0292922
3.53109e-26 0.0282839
3.54863e-26 0.0273187
3.56625e-26 0.0264027
3.58396e-26 0.0255416
3.60176e-26 0.0247412
3.61965e-26 0.0240067
3.63763e-26 0.0233431
3.6557e-26 0.022755
3.67385e-26 0.0222465
3.6921e-26 0.0218215
3.71044e-26 0.0214831
3.72886e-26 0.021234
3.74738e-26 0.0210764
3.76599e-26 0.0210117
3.7847e-26 0.021041
3.80349e-26 0.0211645
3.82238e-26 0.0213817
3.84137e-26 0.0216916
3.86045e-26 0.0220925
3.87962e-26 0.0225819
3.89889e-26 0.0231565
3.91825e-26 0.0238126
3.93771e-26 0.0245456
3.95727e-26 0.0253503
3.97692e-26 0.0262208
3.99667e-26 0.0271507
4.01652e-26 0.028133
4.03647e-26 0.0291599
4.05652e-26 0.0302235
4.07667e-26 0.0313152
4.09691e-26 0.0324262
4.11726e-26 0.0335471
4.13771e-26 0.0346685
4.15826e-26 0.0357807
4.17891e-26 0.0368741
4.19966e-26 0.0379388
4.22052e-26 0.038965
4.24148e-26 0.0399434
4.26255e-26 0.0408646
4.28372e-26 0.0417196
4.30499e-26 0.0424999
4.32637e-26 0.0431975
4.34786e-26 0.043805
4.36946e-26 0.0443157
4.39116e-26 0.0447237
4.41297e-26 0.0450238
4.43488e-26 0.0452121
4.45691e-26 0.0452852
4.47904e-26 0.0452412
4.50129e-26 0.0450791
4.52364e-26 0.044799
4.54611e-26 0.0444022
4.56869e-26 0.0438913
4.59138e-26 0.04327
4.61418e-26 0.0425433
4.6371e-26 0.0417172
4.66013e-26 0.040799
4.68327e-26 0.039797
4.70653e-26 0.0387208
4.72991e-26 0.0375805
4.7534e-26 0.0363874
4.77701e-26 0.0351536
4.80073e-26 0.0338917
4.82458e-26 0.0326148
4.84854e-26 0.0313367
4.87262e-26 0.0300712
4.89682e-26 0.0288321
4.92114e-26 0.0276334
4.94558e-26 0.0264888
4.97014e-26 0.0254114
4.99483e-26 0.0244139
5.01963e-26 0.0235082
5.04456e-26 0.0227053
5.06962e-26 0.0220151
5.09479e-26 0.0214461
5.1201e-26 0.0210058
5.14553e-26 0.0206997
5.17108e-26 0.020532
5.19676e-26 0.0205051
5.22257e-26 0.0206194
5.24851e-26 0.0208737
5.27458e-26 0.0212646
5.30078e-26 0.0217871
5.3271e-26 0.0224339
5.35356e-26 0.0231962
5.38015e-26 0.0240632
5.40687e-26 0.0250226
5.43372e-26 0.0260604
5.46071e-26 0.0271612
5.48783e-26 0.0283085
5.51508e-26 0.0294848
5.54247e-26 0.0306717
5.57e-26 0.0318506
5.59766e-26 0.0330024
5.62547e-26 0.0341082
5.6534e-26 0.0351494
5.68148e-26 0.0361081
5.7097e-26 0.0369673
5.73806e-26 0.0377114
5.76655e-26 0.0383263
5.79519e-26 0.0387997
5.82398e-26 0.0391214
5.8529e-26 0.0392836
5.88197e-26 0.0392809
5.91118e-26 0.0391107
5.94054e-26 0.0387731
5.97004e-26 0.0382711
5.99969e-26 0.0376107
6.02949e-26 0.0368008
6.05944e-26 0.0358529
6.08953e-26 0.0347814
6.11978e-26 0.0336031
6.15017e-26 0.032337
6.18071e-26 0.0310044
6.21141e-26 0.0296277
6.24226e-26 0.0282309
6.27326e-26 0.0268388
6.30442e-26 0.0254764
6.33573e-26 0.0241688
6.3672e-26 0.0229403
6.39882e-26 0.0218142
6.4306e-26 0.020812
6.46254e-26 0.0199534
6.49463e-26 0.0192553
6.52689e-26 0.0187317
6.5593e-26 0.0183932
6.59188e-26 0.0182467
6.62462e-26 0.0182952
6.65752e-26 0.0185375
6.69059e-26 0.0189684
6.72381e-26 0.0195782
6.75721e-26 0.0203533
6.79077e-26 0.0212759
6.82449e-26 0.0223249
6.85839e-26 0.0234756
6.89245e-26 0.0247008
6.92668e-26 0.0259708
6.96108e-26 0.0272544
6.99566e-26 0.0285196
7.0304e-26 0.029734
7.06532e-26 0.030866
7.10041e-26 0.0318853
7.13567e-26 0.0327639
7.17111e-26 0.0334767
7.20673e-26 0.0340023
7.24252e-26 0.0343235
7.27849e-26 0.0344282
7.31464e-26 0.0343094
7.35097e-26 0.0339662
7.38747e-26 0.0334031
7.42416e-26 0.0326308
7.46104e-26 0.0316658
7.49809e-26 0.0305302
7.53533e-26 0.0292509
7.57276e-26 0.0278597
7.61037e-26 0.0263917
7.64816e-26 0.0248851
7.68615e-26 0.0233799
7.72432e-26 0.0219168
7.76268e-26 0.0205361
7.80124e-26 0.0192763
7.83998e-26 0.0181732
7.87892e-26 0.0172586
7.91805e-26 0.0165591
7.95737e-26 0.0160955
7.9969e-26 0.0158815
8.03661e-26 0.0159234
8.07653e-26 0.0162195
8.11664e-26 0.0167602
8.15695e-26 0.0175277
8.19746e-26 0.0184965
8.23817e-26 0.0196344
8.27909e-26 0.0209024
8.32021e-26 0.022257
8.36153e-26 0.0236505
8.40306e-26 0.0250333
8.44479e-26 0.0263549
8.48673e-26 0.0275662
8.52888e-26 0.0286208
8.57124e-26 0.0294771
8.61381e-26 0.0300996
8.65659e-26 0.0304608
8.69958e-26 0.0305418
8.74279e-26 0.0303339
8.78621e-26 0.0298389
8.82985e-26 0.0290693
8.8737e-26 0.0280483
8.91777e-26 0.0268092
8.96206e-26 0.0253943
9.00657e-26 0.0238536
9.0513e-26 0.022243
9.09626e-26 0.0206224
9.14143e-26 0.0190532
9.18684e-26 0.0175958
9.23246e-26 0.0163075
9.27832e-26 0.0152396
9.3244e-26 0.014435
9.37071e-26 0.0139268
9.41725e-26 0.0137358
9.46402e-26 0.0138698
9.51102e-26 0.0143225
9.55826e-26 0.0150735
9.60573e-26 0.016089
9.65343e-26 0.0173225
9.70138e-26 0.0187169
9.74956e-26 0.0202066
9.79798e-26 0.0217203
9.84664e-26 0.0231841
9.89555e-26 0.0245251
9.94469e-26 0.0256747
9.99408e-26 0.0265722
1.00437e-25 0.0271678
1.00936e-25 0.0274253
1.01437e-25 0.0273248
1.01941e-25 0.0268635
1.02447e-25 0.0260569
1.02956e-25 0.0249382
1.03468e-25 0.0235572
1.03981e-25 0.0219786
1.04498e-25 0.0202783
1.05017e-25 0.0185405
1.05538e-25 0.016853
1.06063e-25 0.0153025
1.06589e-25 0.0139702
1.07119e-25 0.0129268
1.07651e-25 0.0122286
1.08185e-25 0.0119136
1.08723e-25 0.011999
1.09263e-25 0.0124794
1.09805e-25 0.0133265
1.10351e-25 0.0144903
1.10899e-25 0.0159011
1.11449e-25 0.017473
1.12003e-25 0.019109
1.12559e-25 0.020706
1.13118e-25 0.0221614
1.1368e-25 0.0233791
1.14245e-25 0.0242761
1.14812e-25 0.0247878
1.15382e-25 0.0248727
1.15955e-25 0.0245161
1.16531e-25 0.0237312
1.1711e-25 0.0225601
1.17692e-25 0.0210708
1.18276e-25 0.019354
1.18864e-25 0.0175178
1.19454e-25 0.0156805
1.20047e-25 0.0139627
1.20643e-25 0.0124796
1.21243e-25 0.011332
1.21845e-25 0.010599
1.2245e-25 0.0103318
1.23058e-25 0.0105491
1.23669e-25 0.0112346
1.24283e-25 0.0123372
1.24901e-25 0.0137738
1.25521e-25 0.0154347
1.26144e-25 0.0171909
1.26771e-25 0.0189034
1.274e-25 0.0204338
1.28033e-25 0.0216552
1.28669e-25 0.0224624
1.29308e-25 0.022781
1.2995e-25 0.0225744
1.30596e-25 0.0218478
1.31244e-25 0.0206493
1.31896e-25 0.0190667
1.32551e-25 0.0172221
1.3321e-25 0.0152619
1.33871e-25 0.0133454
1.34536e-25 0.0116317
1.35204e-25 0.0102651
1.35876e-25 0.00936285
1.3655e-25 0.00900316
1.37229e-25 0.00921748
1.3791e-25 0.0099861
1.38595e-25 0.0112383
1.39283e-25 0.0128574
1.39975e-25 0.0146903
1.4067e-25 0.0165606
1.41369e-25 0.0182848
1.42071e-25 0.0196898
1.42777e-25 0.0206296
1.43486e-25 0.0210009
1.44198e-25 0.0207541
1.44915e-25 0.0199004
1.45634e-25 0.0185121
1.46358e-25 0.0167175
1.47085e-25 0.0146888
1.47815e-25 0.0126265
1.48549e-25 0.0107383
1.49287e-25 0.00921797
1.50028e-25 0.00822408
1.50774e-25 0.00786174
1.51522e-25 0.00816956
1.52275e-25 0.00911346
1.53031e-25 0.0105881
1.53791e-25 0.0124267
1.54555e-25 0.0144179
1.55323e-25 0.0163286
1.56094e-25 0.0179303
1.56869e-25 0.0190257
1.57648e-25 0.0194733
1.58431e-25 0.0192052
1.59218e-25 0.0182383
1.60009e-25 0.016674
1.60804e-25 0.0146891
1.61602e-25 0.0125159
1.62405e-25 0.0104148
1.63211e-25 0.00864244
1.64022e-25 0.0074192
1.64837e-25 0.00689923
1.65655e-25 0.00714892
1.66478e-25 0.00813532
1.67305e-25 0.00972745
1.68136e-25 0.0117111
1.68971e-25 0.0138148
1.6981e-25 0.0157454
1.70653e-25 0.0172275
1.71501e-25 0.0180425
1.72353e-25 0.0180605
1.73209e-25 0.0172621
1.74069e-25 0.0157438
1.74933e-25 0.0137078
1.75802e-25 0.0114362
1.76675e-25 0.00925102
1.77553e-25 0.00746818
1.78435e-25 0.00634981
1.79321e-25 0.00606257
1.80211e-25 0.00664966
1.81106e-25 0.00802021
1.82006e-25 0.00995934
1.8291e-25 0.0121586
1.83818e-25 0.0142621
1.84731e-25 0.0159217
1.85649e-25 0.0168549
1.86571e-25 0.0168919
1.87497e-25 0.0160078
1.88429e-25 0.0143308
1.89364e-25 0.0121251
1.90305e-25 0.00975046
1.9125e-25 0.00760268
1.922e-25 0.00604607
1.93154e-25 0.00534886
1.94114e-25 0.00563273
1.95078e-25 0.00684653
1.96047e-25 0.00877071
1.9702e-25 0.0110519
1.97999e-25 0.0132642
1.98982e-25 0.0149862
1.9997e-25 0.0158798
2.00964e-25 0.0157573
2.01962e-25 0.0146214
2.02965e-25 0.0126702
2.03973e-25 0.0102647
2.04986e-25 0.00786272
2.06004e-25 0.00592981
2.07027e-25 0.00484708
2.08055e-25 0.00483087
2.09088e-25 0.0058836
2.10127e-25 0.00778732
2.1117e-25 0.0101422
2.12219e-25 0.0124457
2.13273e-25 0.0141968
2.14332e-25 0.0150029
2.15397e-25 0.0146688
2.16467e-25 0.0132451
2.17542e-25 0.011024
2.18622e-25 0.00848152
2.19708e-25 0.00617517
2.20799e-25 0.00461938
2.21896e-25 0.0041665
2.22998e-25 0.00491964
2.24105e-25 0.00670168
2.25218e-25 0.00908903
2.26337e-25 0.0115052
2.27461e-25 0.0133561
2.28591e-25 0.014174
2.29726e-25 0.0137358
2.30867e-25 0.0121263
2.32014e-25 0.00972513
2.33166e-25 0.00711935
2.34324e-25 0.00495979
2.35488e-25 0.00379398
2.36657e-25 0.00392139
2.37833e-25 0.00530709
2.39014e-25 0.00758132
2.40201e-25 0.0101298
2.41394e-25 0.0122521
2.42593e-25 0.0133514
2.43798e-25 0.0131026
2.45008e-25 0.0115493
2.46225e-25 0.00910358
2.47448e-25 0.00643838
2.48677e-25 0.00430166
2.49912e-25 0.00330272
2.51153e-25 0.00372908
2.52401e-25 0.005453
2.53654e-25 0.00795809
2.54914e-25 0.0104831
2.5618e-25 0.0122474
2.57452e-25 0.0126897
2.58731e-25 0.0116475
2.60016e-25 0.00942034
2.61307e-25 0.00668646
2.62605e-25 0.00429823
2.63909e-25 0.00301216
2.6522e-25 0.00323963
2.66537e-25 0.0049035
2.67861e-25 0.00744914
2.69191e-25 0.0100174
2.70528e-25 0.0117271
2.71872e-25 0.0119733
2.73222e-25 0.0106451
2.74579e-25 0.00817632
2.75943e-25 0.00540846
2.77313e-25 0.00330406
2.78691e-25 0.00260438
2.80075e-25 0.00355672
2.81466e-25 0.00581058
2.82864e-25 0.00853008
2.84268e-25 0.010693
2.8568e-25 0.011468
2.87099e-25 0.0105356
2.88525e-25 0.00822414
2.89958e-25 0.00539908
2.91398e-25 0.00314153
2.92845e-25 0.00232671
2.943e-25 0.00327131
2.95761e-25 0.0055922
2.9723e-25 0.00834196
2.98706e-25 0.0103833
3.0019e-25 0.0108524
3.01681e-25 0.00952639
3.03179e-25 0.00693446
3.04685e-25 0.00415115
3.06198e-25 0.00235115
3.07719e-25 0.00230198
3.09247e-25 0.00401819
3.10783e-25 0.00673658
3.12327e-25 0.00923475
3.13878e-25 0.0103712
3.15437e-25 0.00960419
3.17003e-25 0.00725586
3.18578e-25 0.00438544
3.2016e-25 0.00231129
3.2175e-25 0.00199758
3.23348e-25 0.00358489
3.24954e-25 0.00630253
3.26568e-25 0.00882071
3.2819e-25 0.00988644
3.2982e-25 0.00894714
3.31458e-25 0.00644203
3.33104e-25 0.00360573
3.34758e-25 0.00186001
3.36421e-25 0.00208648
3.38092e-25 0.00415867
3.39771e-25 0.00698188
3.41458e-25 0.00904959
3.43154e-25 0.00923705
3.44858e-25 0.00741473
3.46571e-25 0.00454439
3.48292e-25 0.00217491
3.50022e-25 0.00160023
3.5176e-25 0.00312905
3.53508e-25 0.0058872
3.55263e-25 0.0082897
3.57028e-25 0.00893338
3.58801e-25 0.00741812
3.60583e-25 0.00460248
3.62374e-25 0.0021254
3.64173e-25 0.001446
3.65982e-25 0.0029583
3.678e-25 0.00572996
3.69626e-25 0.00804244
3.71462e-25 0.00844072
3.73307e-25 0.00664864
3.75161e-25 0.00376905
3.77024e-25 0.00161277
3.78897e-25 0.00154642
3.80779e-25 0.0035978
3.8267e-25 0.00640615
3.8457e-25 0.00809408
3.8648e-25 0.00751024
3.884e-25 0.00502007
3.90329e-25 0.0022916
3.92267e-25 0.00117459
3.94215e-25 0.00242468
3.96173e-25 0.00514941
3.98141e-25 0.00740533
4.00118e-25 0.00756172
4.02105e-25 0.00547915
4.04103e-25 0.00264372
4.0611e-25 0.00110811
4.08126e-25 0.00198731
4.10153e-25 0.00460466
4.1219e-25 0.00696722
4.14238e-25 0.00725513
4.16295e-25 0.00522132
4.18362e-25 0.00241603
4.2044e-25 0.00100716
4.22528e-25 0.00208421
4.24627e-25 0.00476659
4.26736e-25 0.00687567
4.28855e-25 0.00667632
4.30985e-25 0.00430649
4.33126e-25 0.00169971
4.35277e-25 0.0010044
4.37439e-25 0.00278197
4.39611e-25 0.00549728
4.41794e-25 0.00679879
4.43989e-25 0.00553576
4.46194e-25 0.00278682
4.4841e-25 0.000949327
4.50637e-25 0.00163101
4.52875e-25 0.00419397
4.55124e-25 0.00629022
4.57384e-25 0.0059799
4.59656e-25 0.00352497
4.61939e-25 0.00118691
4.64233e-25 0.00113496
4.66539e-25 0.00339023
4.68856e-25 0.00576712
4.71184e-25 0.00594551
4.73525e-25 0.0037288
4.75876e-25 0.00127206
4.7824e-25 0.000986055
4.80615e-25 0.00312641
4.83002e-25 0.00550194
4.85401e-25 0.00566455
4.87812e-25 0.00342481
4.90234e-25 0.00108358
4.92669e-25 0.00106525
4.95116e-25 0.00335735
4.97575e-25 0.00548489
5.00046e-25 0.00513308
5.0253e-25 0.00266145
5.05025e-25 0.000753941
5.07534e-25 0.00148864
5.10054e-25 0.00401331
5.12587e-25 0.00545599
5.15133e-25 0.00415484
5.17692e-25 0.00157798
5.20263e-25 0.000677726
5.22847e-25 0.00247073
5.25443e-25 0.00481377
5.28053e-25 0.00489735
5.30676e-25 0.00259896
5.33311e-25 0.000672058
5.3596e-25 0.0014345
5.38622e-25 0.00391374
5.41297e-25 0.00500192
5.43985e-25 0.00331313
5.46687e-25 0.000956719
5.49402e-25 0.000906106
5.52131e-25 0.00319064
5.54873e-25 0.00481565
5.57629e-25 0.00362927
5.60398e-25 0.00117438
5.63181e-25 0.000689576
5.65978e-25 0.00279126
5.68789e-25 0.00459868
5.71614e-25 0.00361596
5.74453e-25 0.00117339
5.77306e-25 0.000637739
5.80173e-25 0.00272499
5.83055e-25 0.00444966
5.8595e-25 0.00332452
5.88861e-25 0.000943587
5.91785e-25 0.000732103
5.94724e-25 0.00296444
5.97678e-25 0.00431296
6.00646e-25 0.00274301
6.0363e-25 0.000585778
6.06627e-25 0.00107571
6.0964e-25 0.0034303
6.12668e-25 0.00399212
6.15711e-25 0.00186237
6.18769e-25 0.000347598
6.21842e-25 0.00180719
6.2493e-25 0.00388302
6.28034e-25 0.00321285
6.31153e-25 0.000854023
6.34288e-25 0.000626905
6.37438e-25 0.00287168
6.40604e-25 0.00383089
6.43785e-25 0.00187103
6.46983e-25 0.000268893
6.50196e-25 0.00171775
6.53425e-25 0.00369942
6.5667e-25 0.00275881
6.59932e-25 0.000504894
6.63209e-25 0.000868198
6.66503e-25 0.00317068
6.69813e-25 0.00327212
6.7314e-25 0.000958146
6.76483e-25 0.000399183
6.79843e-25 0.00258243
6.83219e-25 0.00345433
6.86613e-25 0.00136199
6.90023e-25 0.000196727
6.9345e-25 0.00212338
6.96894e-25 0.00344664
7.00355e-25 0.00159696
7.03833e-25 0.000120499
7.07329e-25 0.00186002
7.10842e-25 0.00336863
7.14372e-25 0.0016328
7.1792e-25 8.18249e-05
7.21486e-25 0.00180155
7.25069e-25 0.00327476
7.2867e-25 0.00147045
7.32289e-25 6.47987e-05
7.35926e-25 0.00194027
7.39581e-25 0.00314589
7.43254e-25 0.00112114
7.46945e-25 0.000125592
7.50655e-25 0.00225106
7.54383e-25 0.00289342
7.5813e-25 0.000632667
7.61895e-25 0.00037875
7.65679e-25 0.00264981
7.69482e-25 0.00238669
7.73304e-25 0.000148591
7.77144e-25 0.000940818
7.81004e-25 0.002928
7.84883e-25 0.0015492
7.88781e-25 -4.7968e-05
7.92698e-25 0.00179537
7.96635e-25 0.00274744
8.00592e-25 0.000546398
8.04568e-25 0.000378837
8.08564e-25 0.00259826
8.1258e-25 0.00185022
8.16615e-25 -7.37868e-05
8.20671e-25 0.00147107
8.24747e-25 0.00265908
8.28843e-25 0.000534488
8.32959e-25 0.000361204
8.37096e-25 0.00252249
8.41254e-25 0.00154233
8.45432e-25 -0.000100674
8.49631e-25 0.00174917
8.5385e-25 0.0022937
8.58091e-25 0.000108821
8.62353e-25 0.000871555
8.66636e-25 0.00252599
8.7094e-25 0.000678923
8.75265e-25 0.000239376
8.79612e-25 0.00232762
8.83981e-25 0.00128412
8.88371e-25 -6.10219e-05
8.92783e-25 0.00192157
8.97217e-25 0.00173713
9.01674e-25 -0.000105747
9.06152e-25 0.00149728
9.10652e-25 0.00199426
9.15175e-25 -1.83209e-05
9.1972e-25 0.00115586
9.24288e-25 0.00209512
9.28878e-25 9.63205e-05
9.33492e-25 0.000930416
9.38128e-25 0.0021014
9.42787e-25 0.000173151
9.47469e-25 0.000821261
9.52175e-25 0.00205779
9.56904e-25 0.000183656
9.61657e-25 0.000820123
9.66433e-25 0.00197951
9.71232e-25 0.000129354
9.76056e-25 0.000920914
9.80904e-25 0.00185403
9.85775e-25 3.73849e-05
9.90671e-25 0.0011153
9.95591e-25 0.00164799
1.00054e-24 -3.85507e-05
1.00551e-24 0.00137739
1.0105e-24 0.00132483
1.01552e-24 -1.71472e-05
1.02056e-24 0.00164054
1.02563e-24 0.000878157
1.03072e-24 0.000192354
1.03584e-24 0.00178012
1.04099e-24 0.000381163
1.04616e-24 0.000633536
1.05135e-24 0.00163821
1.05657e-24 2.3078e-05
1.06182e-24 0.00120931
1.0671e-24 0.00113061
1.0724e-24 5.97459e-05
1.07772e-24 0.00162008
1.08307e-24 0.000418506
1.08845e-24 0.000604043
1.09386e-24 0.001484
1.09929e-24 -2.10951e-05
1.10475e-24 0.00134114
1.11024e-24 0.000736941
1.11575e-24 0.000296694
1.12129e-24 0.00155053
1.12686e-24 6.85278e-06
1.13246e-24 0.00117492
1.13808e-24 0.000821128
1.14374e-24 0.000204397
1.14942e-24 0.00152067
1.15512e-24 -4.18825e-05
1.16086e-24 0.00120142
1.16663e-24 0.000659671
1.17242e-24 0.000323856
1.17824e-24 0.00141153
1.1841e-24 -0.00012769
1.18998e-24 0.00141835
1.19589e-24 0.000257001
1.20183e-24 0.000711556
1.20779e-24 0.00104697
1.21379e-24 -1.01794e-05
1.21982e-24 0.00150196
1.22588e-24 -0.000172635
1.23197e-24 0.00132527
1.23809e-24 0.000256216
1.24424e-24 0.000681905
1.25042e-24 0.000946961
1.25663e-24 3.00981e-05
1.26287e-24 0.00142194
1.26914e-24 -0.000275991
1.27544e-24 0.00150726
1.28178e-24 -0.000171549
1.28814e-24 0.0011849
1.29454e-24 0.000258516
1.30097e-24 0.000684256
1.30743e-24 0.000749382
1.31392e-24 0.000172813
1.32045e-24 0.00119493
1.32701e-24 -0.00018785
1.3336e-24 0.00142836
1.34022e-24 -0.000378194
1.34688e-24 0.00153125
1.35357e-24 -0.000395672
1.36029e-24 0.00144999
1.36705e-24 -0.000328585
1.37383e-24 0.00134213
1.38066e-24 -0.000186649
1.38752e-24 0.00116471
1.39441e-24 -7.76082e-05
1.40133e-24 0.00104757
1.40829e-24 5.49826e-05
1.41529e-24 0.00093737
1.42231e-24 7.99862e-05
1.42938e-24 0.000887432
1.43648e-24 0.000121833
1.44361e-24 0.000905105
1.45078e-24 4.26904e-05
1.45799e-24 0.000925526
1.46523e-24 -3.91887e-05
1.47251e-24 0.00106369
1.47982e-24 -0.000159801
1.48717e-24 0.00114875
1.49455e-24 -0.000335256
1.50198e-24 0.00127339
1.50944e-24 -0.000404236
1.51693e-24 0.00134241
1.52447e-24 -0.00045922
1.53204e-24 0.00123461
1.53965e-24 -0.00033208
1.54729e-24 0.00104509
1.55498e-24 2.17005e-05
1.5627e-24 0.000627647
1.57046e-24 0.000431324
1.57826e-24 8.65078e-05
1.5861e-24 0.000905778
1.59398e-24 -0.00026885
1.60189e-24 0.00119136
1.60985e-24 -0.000344865
1.61785e-24 0.000978668
1.62588e-24 -1.94853e-05
1.63396e-24 0.000408618
1.64207e-24 0.000643822
1.65023e-24 -0.000140686
1.65842e-24 0.00107217
1.66666e-24 -0.000284314
1.67494e-24 0.000791128
1.68325e-24 0.000194252
1.69161e-24 7.40457e-05
1.70002e-24 0.000865194
1.70846e-24 -0.000270151
1.71694e-24 0.000863161
1.72547e-24 0.000192935
1.73404e-24 0.000111198
1.74265e-24 0.000826385
1.75131e-24 -0.000280121
1.76001e-24 0.000620137
1.76875e-24 0.000352741
1.77753e-24 -0.000118211
1.78636e-24 0.000875807
1.79523e-24 1.78129e-07
1.80415e-24 0.000258533
1.81311e-24 0.000767592
1.82211e-24 -0.000204228
1.83116e-24 0.000477211
1.84026e-24 0.000498381
1.8494e-24 -0.000268937
1.85858e-24 0.000586788
1.86781e-24 0.000330921
1.87709e-24 -0.000208775
1.88641e-24 0.000676606
1.89578e-24 0.000311441
1.9052e-24 -0.000131881
1.91466e-24 0.00071846
1.92417e-24 0.000366729
1.93372e-24 -0.000126003
1.94333e-24 0.00066209
1.95298e-24 0.000457597
1.96268e-24 -0.000173064
1.97243e-24 0.000487671
1.98222e-24 0.000576067
1.99207e-24 -0.000172037
2.00196e-24 0.000200871
2.0119e-24 0.000659645
2.0219e-24 -4.24636e-06
2.03194e-24 -0.000116815
2.04203e-24 0.000556167
2.05217e-24 0.000336316
2.06236e-24 -0.000235076
2.07261e-24 0.000179417
2.0829e-24 0.000585167
2.09324e-24 7.30945e-05
2.10364e-24 -0.000182191
2.11409e-24 0.000365015
2.12459e-24 0.000542312
2.13514e-24 3.06842e-05
2.14574e-24 -7.30863e-05
2.1564e-24 0.000444095
2.16711e-24 0.000594197
2.17787e-24 0.000160929
2.18869e-24 7.69594e-07
2.19956e-24 0.000399707
2.21048e-24 0.000641605
2.22146e-24 0.000330784
2.23249e-24 -1.66526e-05
2.24358e-24 9.89381e-05
2.25473e-24 0.000398576
2.26592e-24 0.000355952
2.27718e-24 -9.71187e-06
2.28849e-24 -0.000221972
2.29985e-24 -4.56197e-05
2.31127e-24 0.000265889
2.32275e-24 0.000356183
2.33429e-24 0.000203376
2.34588e-24 7.17004e-05
2.35753e-24 0.000152542
2.36924e-24 0.000352902
2.38101e-24 0.00043695
2.39283e-24 0.000282408
2.40472e-24 4.02452e-07
2.41666e-24 -0.000181401
2.42866e-24 -0.000117971
2.44073e-24 0.000147588
2.45285e-24 0.000423347
2.46503e-24 0.000518747
2.47727e-24 0.00036537
2.48958e-24 6.8512e-05
2.50194e-24 -0.000166481
2.51437e-24 -0.000173399
2.52685e-24 5.06106e-05
2.5394e-24 0.000324913
2.55202e-24 0.000429556
2.56469e-24 0.000297498
2.57743e-24 8.94475e-05
2.59023e-24 3.88651e-05
2.60309e-24 0.000183621
2.61602e-24 0.000295915
2.62901e-24 0.000155996
2.64207e-24 -0.000130395
2.65519e-24 -0.00020545
2.66838e-24 6.0693e-05
2.68163e-24 0.000334269
2.69495e-24 0.000250139
2.70834e-24 -2.09343e-05
2.72179e-24 7.81815e-06
2.7353e-24 0.000344532
2.74889e-24 0.000440764
2.76254e-24 0.000126175
2.77626e-24 -3.21746e-05
2.79005e-24 0.000266162
2.80391e-24 0.000433869
2.81783e-24 0.000110803
2.83183e-24 -6.40298e-05
2.84589e-24 0.000272515
2.86003e-24 0.000381398
2.87423e-24 1.03208e-06
2.88851e-24 -7.18485e-06
2.90285e-24 0.000378892
2.91727e-24 0.000223875
2.93176e-24 -0.000101602
2.94632e-24 0.000226063
2.96095e-24 0.00035399
2.97566e-24 -7.57868e-05
2.99043e-24 8.47535e-05
3.00529e-24 0.000368673
3.02021e-24 -6.40364e-05
3.03521e-24 -1.24153e-06
3.05029e-24 0.000332218
3.06544e-24 -0.000102703
3.08066e-24 1.87679e-06
3.09596e-24 0.000306252
3.11134e-24 -0.000140576
3.12679e-24 0.000132711
3.14232e-24 0.000259442
3.15792e-24 -0.000137226
3.17361e-24 0.000291688
3.18937e-24 6.13655e-05
3.20521e-24 -4.94829e-05
3.22113e-24 0.000287676
3.23713e-24 -0.000145384
3.2532e-24 0.000205635
3.26936e-24 7.87301e-05
3.2856e-24 -8.14087e-06
3.30192e-24 0.000262053
3.31832e-24 -0.000123498
3.3348e-24 0.000248557
3.35136e-24 -6.22314e-05
3.368e-24 0.000149144
3.38473e-24 7.94456e-05
3.40154e-24 2.63993e-05
3.41843e-24 0.000167185
3.43541e-24 -6.4183e-05
3.45247e-24 0.000228433
3.46962e-24 -9.06404e-05
3.48685e-24 0.000249961
3.50417e-24 -0.000115705
3.52157e-24 0.000252846
3.53906e-24 -0.000113873
3.55664e-24 0.000258705
3.5743e-24 -0.000120159
3.59206e-24 0.000244148
3.6099e-24 -9.54591e-05
3.62782e-24 0.000207613
3.64584e-24 -3.95129e-05
3.66395e-24 0.000115163
3.68215e-24 7.80052e-05
3.70043e-24 -1.67315e-05
3.71881e-24 0.000199372
3.73728e-24 -0.000109767
3.75584e-24 0.000232077
3.7745e-24 -6.47771e-05
3.79324e-24 0.00010367
3.81208e-24 0.000110566
3.83101e-24 -6.36248e-05
3.85004e-24 0.000199112
3.86916e-24 -3.82093e-05
3.88838e-24 6.46248e-05
3.90769e-24 0.000133686
3.9271e-24 -6.00026e-05
3.9466e-24 0.000133642
3.9662e-24 5.99093e-05
3.9859e-24 -3.50457e-05
4.0057e-24 0.000152371
4.02559e-24 2.79806e-05
4.04558e-24 -2.98748e-05
4.06568e-24 0.00015728
4.08587e-24 4.52948e-05
4.10616e-24 -6.23046e-05
4.12656e-24 0.000129329
4.14705e-24 0.00012534
4.16765e-24 -7.25242e-05
4.18835e-24 5.57236e-06
4.20915e-24 0.000178899
4.23005e-24 7.01228e-05
4.25106e-24 -8.92506e-05
4.27217e-24 9.29358e-06
4.29339e-24 0.000166092
4.31471e-24 0.000107772
4.33614e-24 -4.80303e-05
4.35768e-24 -5.58682e-05
4.37932e-24 7.09499e-05
4.40107e-24 0.000142327
4.42293e-24 8.29327e-05
4.4449e-24 -1.02863e-05
4.46697e-24 -3.18686e-05
4.48916e-24 1.80157e-05
4.51145e-24 7.07837e-05
4.53386e-24 7.87671e-05
4.55638e-24 5.03479e-05
4.579e-24 2.24264e-05
4.60175e-24 1.91275e-05
4.6246e-24 3.74022e-05
4.64757e-24 5.91802e-05
4.67065e-24 6.81787e-05
4.69385e-24 5.90674e-05
4.71716e-24 3.69163e-05
4.74059e-24 1.06019e-05
4.76413e-24 -1.19985e-05
4.78779e-24 -2.64225e-05
4.81157e-24 -3.27868e-05
4.83547e-24 -3.27226e-05
4.85948e-24 -2.94701e-05
4.88362e-24 -2.44794e-05
4.90787e-24 -2.08766e-05
4.93225e-24 -1.9898e-05
4.95674e-24 -1.62775e-05
4.98136e-24 -1.45782e-05
5.0061e-24 -2.58838e-05
5.03097e-24 -1.38422e-05
5.05595e-24 5.46071e-06
5.08106e-24 -5.06643e-06
5.1063e-24 8.20326e-06
5.13166e-24 3.41388e-05
5.15714e-24 5.87985e-05
5.18276e-24 5.30541e-05
5.2085e-24 2.80347e-05
5.23437e-24 -2.31676e-06
5.26036e-24 -7.3414e-06
5.28649e-24 1.25875e-05
5.31274e-24 5.54174e-05
5.33913e-24 8.47234e-05
5.36565e-24 7.16412e-05
5.39229e-24 1.38212e-05
5.41908e-24 -4.4293e-05
5.44599e-24 -3.63111e-05
5.47304e-24 3.49898e-05
5.50022e-24 8.31577e-05
5.52754e-24 4.71079e-05
5.55499e-24 -7.48751e-06
5.58258e-24 2.59871e-05
5.6103e-24 9.9753e-05
5.63817e-24 7.59872e-05
5.66617e-24 -6.91141e-07
5.69431e-24 1.89193e-05
5.72259e-24 5.91308e-05
5.75101e-24 -6.20117e-07
5.77957e-24 -2.62162e-05
5.80828e-24 1.50757e-05
5.83713e-24 -2.65021e-05
5.86612e-24 -4.1354e-05
5.89525e-24 -5.97413e-06
5.92453e-24 -5.77214e-05
5.95395e-24 -3.24479e-05
5.98352e-24 -2.60728e-05
6.01324e-24 -7.33108e-05
6.04311e-24 -7.39279e-06
6.07312e-24 -7.09084e-05
6.10328e-24 -3.21205e-05
6.13359e-24 -3.66225e-05
6.16406e-24 -6.36341e-05
6.19467e-24 -1.13646e-05
6.22544e-24 -7.74834e-05
6.25635e-24 -8.47742e-07
6.28743e-24 -7.84578e-05
6.31865e-24 -1.5871e-06
6.35003e-24 -7.20706e-05
6.38157e-24 -1.86107e-06
6.41327e-24 -6.44435e-05
6.44512e-24 -1.34958e-05
6.47713e-24 -4.44962e-05
6.5093e-24 -3.08885e-05
6.54162e-24 -1.3326e-05
6.57411e-24 -5.64246e-05
6.60676e-24 -2.70828e-06
6.63958e-24 -4.6738e-05
6.67255e-24 -3.08623e-05
6.70569e-24 8.5644e-07
6.739e-24 -4.75691e-05
6.77246e-24 -1.25395e-05
6.8061e-24 -2.8414e-07
6.8399e-24 -4.66548e-05
6.87387e-24 -2.18639e-05
6.90801e-24 7.26289e-08
6.94232e-24 -3.63848e-05
6.9768e-24 -4.1679e-05
7.01145e-24 -1.02594e-05
7.04627e-24 -8.52445e-06
7.08127e-24 -3.35229e-05
7.11644e-24 -3.84574e-05
7.15178e-24 -1.97164e-05
7.1873e-24 -4.44324e-06
7.223e-24 -7.45948e-06
7.25887e-24 -1.82214e-05
7.29492e-24 -2.16491e-05
7.33115e-24 -1.28468e-05
7.36756e-24 -1.22254e-08
7.40415e-24 7.02079e-06
7.44093e-24 2.2164e-06
7.47788e-24 -9.39683e-06
7.51502e-24 -1.65858e-05
7.55234e-24 -1.11678e-05
7.58985e-24 9.50047e-07
7.62755e-24 2.03028e-06
7.66543e-24 -1.36369e-05
7.7035e-24 -2.43541e-05
7.74176e-24 -1.12647e-05
7.78021e-24 4.85547e-06
7.81885e-24 -5.04648e-06
7.85768e-24 -1.84799e-05
7.89671e-24 -2.76806e-06
7.93593e-24 9.27137e-06
7.97534e-24 -1.02646e-05
8.01495e-24 -5.58651e-06
8.05476e-24 1.17621e-05
8.09476e-24 -1.11363e-05
8.13496e-24 -2.73391e-06
8.17537e-24 5.69926e-06
8.21597e-24 -1.30702e-05
8.25677e-24 9.35189e-06
8.29778e-24 -5.91346e-06
8.33899e-24 1.89825e-06
8.38041e-24 3.93979e-07
8.42203e-24 -3.04636e-06
8.46386e-24 5.0825e-06
8.50589e-24 -4.3598e-06
8.54814e-24 6.03542e-06
8.59059e-24 -3.99326e-06
8.63326e-24 5.90044e-06
8.67614e-24 -8.88821e-07
8.71923e-24 7.08321e-07
8.76253e-24 6.78925e-06
8.80605e-24 -5.16067e-06
8.84978e-24 8.58455e-06
8.89374e-24 7.45053e-07
8.93791e-24 -7.25326e-07
8.9823e-24 7.90419e-06
9.02691e-24 9.99028e-08
9.07174e-24 1.66731e-07
9.1168e-24 6.79202e-06
9.16207e-24 2.03038e-06
9.20758e-24 -1.74646e-06
9.25331e-24 4.65175e-06
9.29926e-24 9.10964e-06
9.34545e-24 5.83827e-06
9.39186e-24 -2.6923e-08
9.43851e-24 -6.25091e-07
9.48538e-24 2.46226e-06
9.53249e-24 5.77572e-06
9.57984e-24 7.18119e-06
9.62742e-24 6.93763e-06
9.67523e-24 6.28738e-06
9.72328e-24 5.63013e-06
9.77157e-24 5.13434e-06
9.8201e-24 5.15004e-06
9.86888e-24 4.88768e-06
9.91789e-24 4.73519e-06
9.96715e-24 4.99298e-06
1.00166e-23 3.38008e-06
1.00664e-23 4.09069e-06
1.01164e-23 5.83178e-06
1.01666e-23 5.52692e-06
1.02171e-23 6.8002e-06
1.02679e-23 7.11381e-06
1.03189e-23 2.98899e-06
1.03701e-23 5.07141e-06
1.04216e-23 5.03481e-06
1.04734e-23 6.61321e-06
1.05254e-23 8.0152e-06
1.05777e-23 3.0783e-06
1.06302e-23 3.30663e-06
1.0683e-23 8.34085e-06
1.07361e-23 6.61194e-06
1.07894e-23 4.79514e-06
1.0843e-23 4.44574e-06
1.08968e-23 3.7789e-06
1.09509e-23 8.4163e-06
1.10053e-23 8.06061e-06
1.106e-23 6.45978e-06
1.11149e-23 2.13227e-06
1.11701e-23 3.03067e-06
1.12256e-23 2.89843e-06
1.12813e-23 8.28704e-06
1.13374e-23 8.14856e-06
1.13937e-23 1.27082e-05
1.14503e-23 8.47617e-06
1.15071e-23 9.466e-06
1.15643e-23 5.31954e-06
1.16217e-23 1.6882e-06
1.16794e-23 1.64011e-06
1.17374e-23 -2.04483e-06
1.17957e-23 -4.34236e-06
1.18543e-23 -3.76218e-06
1.19132e-23 -4.38287e-06
1.19724e-23 -6.01571e-06
1.20318e-23 -6.59599e-06
1.20916e-23 -6.08891e-06
1.21516e-23 -5.31113e-06
1.2212e-23 -5.17883e-06
1.22726e-23 -5.38825e-06
1.23336e-23 -5.80998e-06
1.23948e-23 -6.18859e-06
1.24564e-23 -6.52465e-06
1.25183e-23 -6.36515e-06
1.25804e-23 -5.13737e-06
1.26429e-23 -3.11797e-06
1.27057e-23 -2.05102e-06
1.27688e-23 -2.81157e-06
1.28322e-23 -3.11327e-06
1.2896e-23 -2.39888e-06
1.296e-23 -3.44415e-06
1.30244e-23 -4.11301e-06
1.30891e-23 -2.76917e-06
1.31541e-23 -2.94437e-06
1.32194e-23 -2.08765e-06
1.3285e-23 -1.78104e-06
1.3351e-23 -1.91831e-06
1.34173e-23 -1.82835e-06
1.3484e-23 -1.9771e-06
1.35509e-23 -2.10514e-06
1.36182e-23 -1.63316e-06
1.36859e-23 -1.79469e-06
1.37538e-23 -1.35463e-06
1.38222e-23 -1.03322e-06
1.38908e-23 -1.30432e-06
1.39598e-23 -1.04747e-06
1.40291e-23 -4.39135e-07
1.40988e-23 -7.85114e-07
1.41688e-23 -1.06458e-06
1.42392e-23 -7.51744e-07
1.43099e-23 2.17702e-07
1.4381e-23 2.42348e-07
1.44524e-23 -2.39675e-07
1.45242e-23 -5.17824e-07
1.45963e-23 -5.93556e-07
1.46688e-23 -4.07465e-07
1.47417e-23 -1.95238e-07
1.48149e-23 -7.71406e-08
1.48885e-23 3.03829e-07
1.49624e-23 5.72831e-07
1.50367e-23 5.55416e-07
1.51114e-23 8.30821e-07
1.51864e-23 4.24721e-07
1.52619e-23 5.82686e-07
1.53377e-23 1.63882e-06
1.54138e-23 1.1227e-06
1.54904e-23 8.10495e-07
1.55673e-23 1.04727e-06
1.56446e-23 1.19513e-06
1.57223e-23 1.67122e-06
1.58004e-23 9.39452e-07
1.58789e-23 1.50886e-06
1.59578e-23 1.85098e-06
1.6037e-23 6.71187e-07
1.61167e-23 2.38605e-06
1.61967e-23 1.28918e-06
1.62771e-23 1.14761e-06
1.6358e-23 2.27407e-06
1.64392e-23 2.16395e-06
1.65209e-23 8.72055e-07
1.66029e-23 1.51382e-06
1.66854e-23 2.88273e-06
1.67683e-23 2.55099e-06
1.68515e-23 1.25947e-06
1.69352e-23 8.57375e-07
1.70193e-23 1.55395e-06
1.71039e-23 2.79418e-06
1.71888e-23 3.91905e-06
1.72742e-23 3.90661e-06
1.736e-23 3.18e-06
1.74462e-23 1.93602e-06
1.75328e-23 7.30477e-07
1.76199e-23 -1.70396e-07
1.77074e-23 -9.04851e-07
1.77954e-23 -1.40953e-06
1.78837e-23 -1.77649e-06
1.79726e-23 -1.767e-06
1.80618e-23 -1.9366e-06
1.81515e-23 -1.96814e-06
1.82417e-23 -2.01882e-06
1.83323e-23 -1.92546e-06
1.84233e-23 -1.79191e-06
1.85148e-23 -1.80805e-06
1.86068e-23 -1.74081e-06
1.86992e-23 -1.4498e-06
1.87921e-23 -1.52374e-06
1.88854e-23 -1.39156e-06
1.89792e-23 -1.08294e-06
1.90734e-23 -1.11597e-06
1.91682e-23 -1.26413e-06
1.92634e-23 -1.13845e-06
1.9359e-23 -8.08786e-07
1.94552e-23 -6.22559e-07
1.95518e-23 -4.23641e-07
1.96489e-23 -3.31419e-07
1.97465e-23 -2.17379e-07
1.98446e-23 -3.02237e-07
1.99431e-23 -5.211e-08
2.00422e-23 1.17762e-08
2.01417e-23 -4.43114e-08
2.02418e-23 -8.08016e-08
2.03423e-23 -2.21865e-07
2.04433e-23 -1.10587e-07
2.05449e-23 2.1059e-07
2.06469e-23 2.30341e-07
2.07494e-23 -1.58552e-07
2.08525e-23 2.90058e-07
2.09561e-23 4.47131e-07
2.10601e-23 4.56444e-08
2.11647e-23 6.33782e-07
2.12698e-23 2.69695e-07
2.13755e-23 4.15296e-07
2.14816e-23 5.46295e-07
2.15883e-23 5.86225e-07
2.16955e-23 4.68027e-07
2.18033e-23 9.79459e-07
2.19116e-23 2.67878e-07
2.20204e-23 6.65439e-07
2.21298e-23 1.06003e-06
2.22397e-23 4.289e-07
2.23501e-23 5.49886e-07
2.24611e-23 1.21555e-06
2.25727e-23 1.01276e-06
2.26848e-23 2.91973e-07
2.27975e-23 4.87781e-07
2.29107e-23 1.35429e-06
2.30245e-23 1.74741e-06
2.31388e-23 1.78886e-06
2.32537e-23 1.3328e-06
2.33692e-23 7.86696e-07
2.34853e-23 8.33404e-08
2.36019e-23 -2.4994e-07
2.37192e-23 -5.3218e-07
2.3837e-23 -9.15009e-07
2.39553e-23 -6.87526e-07
2.40743e-23 -7.64443e-07
2.41939e-23 -9.26448e-07
2.4314e-23 -1.04358e-06
2.44348e-23 -8.52906e-07
2.45562e-23 -8.9987e-07
2.46781e-23 -6.77051e-07
2.48007e-23 -6.81852e-07
2.49239e-23 -7.27292e-07
2.50476e-23 -6.80946e-07
2.5172e-23 -5.35299e-07
2.52971e-23 -5.26994e-07
2.54227e-23 -3.79784e-07
2.5549e-23 -4.04798e-07
2.56758e-23 -4.12563e-07
2.58034e-23 -1.90331e-07
2.59315e-23 -2.53038e-07
2.60603e-23 -1.6383e-07
2.61897e-23 3.4708e-08
2.63198e-23 -6.4181e-08
2.64505e-23 -1.09972e-07
2.65819e-23 2.05598e-08
2.67139e-23 1.50165e-07
2.68466e-23 -1.44839e-08
2.69799e-23 2.09098e-07
2.71139e-23 8.45247e-08
2.72486e-23 2.67688e-07
2.73839e-23 8.1978e-08
2.75199e-23 4.00331e-07
2.76566e-23 7.77374e-08
2.77939e-23 4.53723e-07
2.7932e-23 3.28466e-07
2.80707e-23 1.29552e-07
2.82101e-23 7.00418e-07
2.83502e-23 5.30163e-07
2.8491e-23 1.90073e-07
2.86325e-23 2.39902e-07
2.87747e-23 7.51021e-07
2.89176e-23 1.10248e-06
2.90613e-23 8.15838e-07
2.92056e-23 5.4555e-07
2.93506e-23 1.2536e-07
2.94964e-23 -1.13707e-07
2.96429e-23 -3.45635e-07
2.97901e-23 -4.04127e-07
2.99381e-23 -4.78794e-07
3.00868e-23 -5.39383e-07
3.02362e-23 -5.69018e-07
3.03864e-23 -4.82509e-07
3.05373e-23 -3.23003e-07
3.06889e-23 -3.24434e-07
3.08414e-23 -3.62975e-07
3.09945e-23 -3.62254e-07
3.11485e-23 -2.71154e-07
3.13032e-23 -2.09143e-07
3.14586e-23 -1.58948e-07
3.16149e-23 -1.75105e-07
3.17719e-23 -9.32775e-08
3.19297e-23 -2.67079e-08
3.20883e-23 -1.13348e-07
3.22476e-23 -2.80533e-07
3.24078e-23 2.75411e-08
