1.62039e-27 0
1.62844e-27 0
1.63652e-27 0
1.64465e-27 0
1.65282e-27 0
1.66103e-27 0
1.66928e-27 0
1.67757e-27 0
1.6859e-27 0
1.69427e-27 0
1.70269e-27 0
1.71115e-27 0
1.71964e-27 0
1.72818e-27 0
1.73677e-27 0
1.74539e-27 0
1.75406e-27 0
1.76277e-27 0
1.77153e-27 0
1.78033e-27 0
1.78917e-27 0
1.79805e-27 0
1.80698e-27 0
1.81596e-27 0
1.82498e-27 0
1.83404e-27 0
1.84315e-27 0
1.8523e-27 0
1.8615e-27 0
1.87075e-27 0
1.88004e-27 0
1.88938e-27 0
1.89876e-27 0
1.90819e-27 0
1.91767e-27 0
1.92719e-27 0
1.93676e-27 0
1.94638e-27 0
1.95605e-27 0
1.96576e-27 0
1.97553e-27 0
1.98534e-27 0
1.9952e-27 0
2.00511e-27 0
2.01507e-27 0
2.02507e-27 0
2.03513e-27 0
2.04524e-27 0
2.0554e-27 0
2.06561e-27 0
2.07586e-27 0
2.08617e-27 0
2.09654e-27 0
2.10695e-27 0
2.11741e-27 0
2.12793e-27 0
2.1385e-27 0
2.14912e-27 0
2.15979e-27 0
2.17052e-27 0
2.1813e-27 0
2.19213e-27 0
2.20302e-27 0
2.21396e-27 0
2.22496e-27 0
2.23601e-27 0
2.24711e-27 0
2.25827e-27 0
2.26949e-27 0
2.28076e-27 0
2.29209e-27 0
2.30347e-27 0
2.31491e-27 0
2.32641e-27 0
2.33796e-27 0
2.34957e-27 0
2.36124e-27 0
2.37297e-27 0
2.38475e-27 0
2.3966e-27 0
2.4085e-27 0
2.42046e-27 0
2.43248e-27 0
2.44456e-27 0
2.45671e-27 0
2.46891e-27 0
2.48117e-27 0
2.49349e-27 0
2.50588e-27 0
2.51832e-27 0
2.53083e-27 0
2.5434e-27 0
2.55603e-27 0
2.56872e-27 0
2.58148e-27 0
2.5943e-27 0
2.60719e-27 0
2.62014e-27 0
2.63315e-27 0
2.64623e-27 0
2.65937e-27 0
2.67258e-27 0
2.68585e-27 0
2.69919e-27 0
2.71259e-27 0
2.72607e-27 0
2.73961e-27 0
2.75321e-27 0
2.76689e-27 0
2.78063e-27 0
2.79444e-27 0
2.80832e-27 0
2.82226e-27 0
2.83628e-27 0
2.85037e-27 0
2.86452e-27 0
2.87875e-27 0
2.89305e-27 0
2.90742e-27 0
2.92186e-27 0
2.93637e-27 0
2.95095e-27 0
2.96561e-27 0
2.98034e-27 0
2.99514e-27 0
3.01001e-27 0
3.02496e-27 0
3.03999e-27 0
3.05508e-27 0
3.07026e-27 0
3.08551e-27 0
3.10083e-27 0
3.11623e-27 0
3.13171e-27 0
3.14726e-27 0
3.16289e-27 0
3.1786e-27 0
3.19439e-27 0
3.21025e-27 0
3.22619e-27 0
3.24222e-27 0
3.25832e-27 0
3.2745e-27 0
3.29077e-27 0
3.30711e-27 0
3.32353e-27 0
3.34004e-27 0
3.35663e-27 0
3.3733e-27 0
3.39005e-27 0
3.40689e-27 0
3.42381e-27 0
3.44081e-27 0
3.4579e-27 0
3.47508e-27 0
3.49234e-27 0
3.50968e-27 0
3.52711e-27 0
3.54463e-27 0
3.56223e-27 0
3.57993e-27 0
3.59771e-27 0
3.61557e-27 0
3.63353e-27 0
3.65158e-27 0
3.66971e-27 0
3.68794e-27 0
3.70625e-27 0
3.72466e-27 0
3.74316e-27 0
3.76175e-27 0
3.78043e-27 0
3.79921e-27 0
3.81808e-27 0
3.83704e-27 0
3.8561e-27 0
3.87525e-27 0
3.89449e-27 0
3.91384e-27 0
3.93327e-27 0
3.95281e-27 0
3.97244e-27 0
3.99217e-27 0
4.012e-27 0
4.03192e-27 0
4.05195e-27 0
4.07207e-27 0
4.0923e-27 0
4.11262e-27 0
4.13304e-27 0
4.15357e-27 0
4.1742e-27 0
4.19493e-27 0
4.21577e-27 0
4.2367e-27 0
4.25775e-27 0
4.27889e-27 0
4.30014e-27 0
4.3215e-27 0
4.34296e-27 0
4.36453e-27 0
4.38621e-27 0
4.40799e-27 0
4.42988e-27 0
4.45189e-27 0
4.474e-27 0
4.49622e-27 0
4.51855e-27 0
4.54099e-27 0
4.56354e-27 0
4.58621e-27 0
4.60898e-27 0
4.63187e-27 0
4.65488e-27 0
4.678e-27 0
4.70123e-27 0
4.72458e-27 0
4.74804e-27 0
4.77162e-27 0
4.79532e-27 0
4.81914e-27 0
4.84307e-27 0
4.86713e-27 0
4.8913e-27 0
4.91559e-27 0
4.94e-27 0
4.96454e-27 0
4.9892e-27 0
5.01397e-27 0
5.03888e-27 0
5.0639e-27 0
5.08905e-27 0
5.11433e-27 0
5.13973e-27 0
5.16525e-27 0
5.19091e-27 0
5.21669e-27 0
5.2426e-27 0
5.26863e-27 0
5.2948e-27 0
5.3211e-27 0
5.34753e-27 0
5.37408e-27 0
5.40077e-27 0
5.4276e-27 0
5.45455e-27 0
5.48164e-27 0
5.50887e-27 0
5.53623e-27 0
5.56372e-27 0
5.59136e-27 0
5.61913e-27 0
5.64703e-27 0
5.67508e-27 0
5.70326e-27 0
5.73159e-27 0
5.76006e-27 0
5.78866e-27 0
5.81741e-27 0
5.84631e-27 0
5.87534e-27 0
5.90452e-27 0
5.93385e-27 0
5.96332e-27 0
5.99293e-27 0
6.0227e-27 0
6.05261e-27 0
6.08267e-27 0
6.11288e-27 0
6.14324e-27 0
6.17375e-27 0
6.20441e-27 0
6.23523e-27 0
6.26619e-27 0
6.29731e-27 0
6.32859e-27 0
6.36002e-27 0
6.39161e-27 0
6.42335e-27 0
6.45525e-27 0
6.48731e-27 0
6.51953e-27 0
6.55191e-27 0
6.58445e-27 0
6.61715e-27 0
6.65002e-27 0
6.68305e-27 0
6.71624e-27 0
6.74959e-27 0
6.78312e-27 0
6.8168e-27 0
6.85066e-27 0
6.88468e-27 0
6.91888e-27 0
6.95324e-27 0
6.98777e-27 0
7.02248e-27 0
7.05735e-27 0
7.0924e-27 0
7.12763e-27 0
7.16303e-27 0
7.1986e-27 0
7.23436e-27 0
7.27029e-27 0
7.30639e-27 0
7.34268e-27 0
7.37915e-27 0
7.4158e-27 0
7.45263e-27 0
7.48964e-27 0
7.52684e-27 0
7.56422e-27 0
7.60179e-27 0
7.63954e-27 0
7.67748e-27 0
7.71562e-27 0
7.75393e-27 0
7.79244e-27 0
7.83115e-27 0
7.87004e-27 0
7.90913e-27 0
7.94841e-27 0
7.98788e-27 0
8.02755e-27 0
8.06742e-27 0
8.10749e-27 0
8.14776e-27 0
8.18822e-27 0
8.22889e-27 0
8.26976e-27 0
8.31083e-27 0
8.35211e-27 0
8.39359e-27 0
8.43527e-27 0
8.47717e-27 0
8.51927e-27 0
8.56158e-27 0
8.6041e-27 0
8.64683e-27 0
8.68978e-27 0
8.73294e-27 0
8.77631e-27 0
8.8199e-27 0
8.8637e-27 0
8.90772e-27 0
8.95196e-27 0
8.99642e-27 0
9.0411e-27 0
9.08601e-27 0
9.13113e-27 0
9.17648e-27 0
9.22206e-27 0
9.26786e-27 0
9.31389e-27 0
9.36015e-27 0
9.40663e-27 0
9.45335e-27 0
9.5003e-27 0
9.54748e-27 0
9.5949e-27 0
9.64256e-27 0
9.69045e-27 0
9.73857e-27 0
9.78694e-27 0
9.83555e-27 0
9.8844e-27 0
9.93349e-27 0
9.98282e-27 0
1.00324e-26 0
1.00822e-26 0
1.01323e-26 0
1.01826e-26 0
1.02332e-26 0
1.0284e-26 0
1.03351e-26 0
1.03864e-26 0
1.0438e-26 0
1.04898e-26 0
1.05419e-26 0
1.05943e-26 0
1.06469e-26 0
1.06998e-26 0
1.07529e-26 0
1.08063e-26 0
1.086e-26 0
1.09139e-26 0
1.09682e-26 0
1.10226e-26 0
1.10774e-26 0
1.11324e-26 0
1.11877e-26 0
1.12432e-26 0
1.12991e-26 0
1.13552e-26 0
1.14116e-26 0
1.14683e-26 0
1.15252e-26 0
1.15825e-26 0
1.164e-26 0
1.16978e-26 0
1.17559e-26 0
1.18143e-26 0
1.1873e-26 0
1.19319e-26 0
1.19912e-26 0
1.20507e-26 0
1.21106e-26 0
1.21707e-26 0
1.22312e-26 0
1.22919e-26 0
1.2353e-26 0
1.24143e-26 0
1.2476e-26 0
1.25379e-26 0
1.26002e-26 0
1.26628e-26 0
1.27257e-26 0
1.27889e-26 0
1.28524e-26 0
1.29162e-26 0
1.29804e-26 0
1.30449e-26 0
1.31096e-26 0
1.31747e-26 0
1.32402e-26 0
1.33059e-26 0
1.3372e-26 0
1.34384e-26 0
1.35052e-26 0
1.35723e-26 0
1.36397e-26 0
1.37074e-26 0
1.37755e-26 0
1.38439e-26 0
1.39127e-26 0
1.39817e-26 0
1.40512e-26 0
1.4121e-26 0
1.41911e-26 0
1.42616e-26 0
1.43324e-26 0
1.44036e-26 0
1.44751e-26 0
1.4547e-26 0
1.46193e-26 0
1.46919e-26 0
1.47648e-26 0
1.48382e-26 0
1.49119e-26 0
1.49859e-26 0
1.50604e-26 0
1.51352e-26 0
1.52103e-26 0
1.52859e-26 0
1.53618e-26 0
1.54381e-26 0
1.55148e-26 0
1.55918e-26 0
1.56692e-26 0
1.57471e-26 0
1.58253e-26 0
1.59039e-26 0
1.59829e-26 0
1.60622e-26 0
1.6142e-26 0
1.62222e-26 0
1.63027e-26 0
1.63837e-26 0
1.64651e-26 0
1.65469e-26 0
1.6629e-26 0
1.67116e-26 0
1.67946e-26 0
1.6878e-26 0
1.69619e-26 0
1.70461e-26 0
1.71308e-26 0
1.72158e-26 0
1.73013e-26 0
1.73873e-26 0
1.74736e-26 0
1.75604e-26 0
1.76476e-26 0
1.77353e-26 0
1.78234e-26 0
1.79119e-26 0
1.80008e-26 0
1.80902e-26 0
1.81801e-26 0
1.82704e-26 0
1.83611e-26 0
1.84523e-26 0
1.85439e-26 0
1.8636e-26 0
1.87286e-26 0
1.88216e-26 0
1.89151e-26 0
1.9009e-26 0
1.91034e-26 0
1.91983e-26 0
1.92937e-26 0
1.93895e-26 0
1.94858e-26 0
1.95826e-26 0
1.96798e-26 0
1.97776e-26 0
1.98758e-26 0
1.99745e-26 0
2.00737e-26 0
2.01734e-26 0
2.02736e-26 0
2.03743e-26 0
2.04755e-26 0
2.05772e-26 0
2.06794e-26 0
2.07821e-26 0
2.08853e-26 0
2.0989e-26 0
2.10932e-26 0
2.1198e-26 0
2.13033e-26 0
2.14091e-26 0
2.15154e-26 0
2.16223e-26 0
2.17297e-26 0
2.18376e-26 0
2.1946e-26 0
2.2055e-26 0
2.21646e-26 0
2.22747e-26 0
2.23853e-26 0
2.24965e-26 0
2.26082e-26 0
2.27205e-26 0
2.28333e-26 0
2.29467e-26 0
2.30607e-26 0
2.31752e-26 0
2.32903e-26 0
2.3406e-26 0
2.35222e-26 0
2.36391e-26 0
2.37565e-26 0
2.38744e-26 0
2.3993e-26 0
2.41122e-26 0
2.42319e-26 0
2.43523e-26 0
2.44732e-26 0
2.45948e-26 0
2.47169e-26 0
2.48397e-26 0
2.4963e-26 0
2.5087e-26 0
2.52116e-26 0
2.53368e-26 0
2.54627e-26 0
2.55891e-26 0
2.57162e-26 0
2.58439e-26 0
2.59723e-26 0
2.61013e-26 0
2.62309e-26 0
2.63612e-26 0
2.64921e-26 0
2.66237e-26 0
2.67559e-26 0
2.68888e-26 0
2.70223e-26 0
2.71566e-26 0
2.72914e-26 0
2.7427e-26 0
2.75632e-26 0
2.77001e-26 0
2.78377e-26 0
2.79759e-26 0
2.81148e-26 0
2.82545e-26 0
2.83948e-26 0
2.85358e-26 0
2.86776e-26 0
2.882e-26 0
2.89631e-26 0
2.9107e-26 0
2.92515e-26 0
2.93968e-26 0
2.95428e-26 0
2.96895e-26 0
2.9837e-26 0
2.99852e-26 0
3.01341e-26 0
3.02837e-26 0
3.04342e-26 0
3.05853e-26 0
3.07372e-26 0
3.08899e-26 0
3.10433e-26 0
3.11975e-26 0
3.13524e-26 0
3.15081e-26 0
3.16646e-26 0
3.18219e-26 0
3.19799e-26 0
3.21387e-26 0
3.22983e-26 0
3.24588e-26 0
3.262e-26 0
3.2782e-26 0
3.29448e-26 0
3.31084e-26 0
3.32728e-26 0
3.34381e-26 0
3.36042e-26 0
3.37711e-26 0
3.39388e-26 0
3.41073e-26 0
3.42767e-26 0
3.4447e-26 0
3.4618e-26 0
3.479e-26 0
3.49628e-26 0
3.51364e-26 0
3.53109e-26 0
3.54863e-26 0
3.56625e-26 0
3.58396e-26 0
3.60176e-26 0
3.61965e-26 0
3.63763e-26 0
3.6557e-26 0
3.67385e-26 0
3.6921e-26 0
3.71044e-26 0
3.72886e-26 0
3.74738e-26 0
3.76599e-26 0
3.7847e-26 0
3.80349e-26 0
3.82238e-26 0
3.84137e-26 0
3.86045e-26 0
3.87962e-26 0
3.89889e-26 0
3.91825e-26 0
3.93771e-26 0
3.95727e-26 0
3.97692e-26 0
3.99667e-26 0
4.01652e-26 0
4.03647e-26 0
4.05652e-26 0
4.07667e-26 0
4.09691e-26 0
4.11726e-26 0
4.13771e-26 0
4.15826e-26 0
4.17891e-26 0
4.19966e-26 0
4.22052e-26 0
4.24148e-26 0
4.26255e-26 0
4.28372e-26 0
4.30499e-26 0
4.32637e-26 0
4.34786e-26 0
4.36946e-26 0
4.39116e-26 0
4.41297e-26 0
4.43488e-26 0
4.45691e-26 0
4.47904e-26 0
4.50129e-26 0
4.52364e-26 0
4.54611e-26 0
4.56869e-26 0
4.59138e-26 0
4.61418e-26 0
4.6371e-26 0
4.66013e-26 0
4.68327e-26 0
4.70653e-26 0
4.72991e-26 0
4.7534e-26 0
4.77701e-26 0
4.80073e-26 0
4.82458e-26 0
4.84854e-26 0
4.87262e-26 0
4.89682e-26 0
4.92114e-26 0
4.94558e-26 0
4.97014e-26 0
4.99483e-26 0
5.01963e-26 0
5.04456e-26 0
5.06962e-26 0
5.09479e-26 0
5.1201e-26 0
5.14553e-26 0
5.17108e-26 0
5.19676e-26 0
5.22257e-26 0
5.24851e-26 0
5.27458e-26 0
5.30078e-26 0
5.3271e-26 0
5.35356e-26 0
5.38015e-26 0
5.40687e-26 0
5.43372e-26 0
5.46071e-26 0
5.48783e-26 0
5.51508e-26 0
5.54247e-26 0
5.57e-26 0
5.59766e-26 0
5.62547e-26 0
5.6534e-26 0
5.68148e-26 0
5.7097e-26 0
5.73806e-26 0
5.76655e-26 0
5.79519e-26 0
5.82398e-26 0
5.8529e-26 0
5.88197e-26 0
5.91118e-26 0
5.94054e-26 0
5.97004e-26 0
5.99969e-26 0
6.02949e-26 0
6.05944e-26 0
6.08953e-26 0
6.11978e-26 0
6.15017e-26 0
6.18071e-26 0
6.21141e-26 0
6.24226e-26 0
6.27326e-26 0
6.30442e-26 0
6.33573e-26 0
6.3672e-26 0
6.39882e-26 0
6.4306e-26 0
6.46254e-26 0
6.49463e-26 0
6.52689e-26 0
6.5593e-26 0
6.59188e-26 0
6.62462e-26 0
6.65752e-26 0
6.69059e-26 0
6.72381e-26 0
6.75721e-26 0
6.79077e-26 0
6.82449e-26 0
6.85839e-26 0
6.89245e-26 0
6.92668e-26 0
6.96108e-26 0
6.99566e-26 0
7.0304e-26 0
7.06532e-26 0
7.10041e-26 0
7.13567e-26 0
7.17111e-26 0
7.20673e-26 0
7.24252e-26 0
7.27849e-26 0
7.31464e-26 0
7.35097e-26 0
7.38747e-26 0
7.42416e-26 0
7.46104e-26 0
7.49809e-26 0
7.53533e-26 0
7.57276e-26 0
7.61037e-26 0
7.64816e-26 0
7.68615e-26 0
7.72432e-26 0
7.76268e-26 0
7.80124e-26 0
7.83998e-26 0
7.87892e-26 0
7.91805e-26 0
7.95737e-26 0
7.9969e-26 0
8.03661e-26 0
8.07653e-26 0
8.11664e-26 0
8.15695e-26 0
8.19746e-26 0
8.23817e-26 0
8.27909e-26 0
8.32021e-26 0
8.36153e-26 0
8.40306e-26 0
8.44479e-26 0
8.48673e-26 0
8.52888e-26 0
8.57124e-26 0
8.61381e-26 0
8.65659e-26 0
8.69958e-26 0
8.74279e-26 0
8.78621e-26 0
8.82985e-26 0
8.8737e-26 0
8.91777e-26 0
8.96206e-26 0
9.00657e-26 0
9.0513e-26 0
9.09626e-26 0
9.14143e-26 0
9.18684e-26 0
9.23246e-26 0
9.27832e-26 0
9.3244e-26 0
9.37071e-26 0
9.41725e-26 0
9.46402e-26 0
9.51102e-26 0
9.55826e-26 0
9.60573e-26 0
9.65343e-26 0
9.70138e-26 0
9.74956e-26 0
9.79798e-26 0
9.84664e-26 0
9.89555e-26 0
9.94469e-26 0
9.99408e-26 0
1.00437e-25 0
1.00936e-25 0
1.01437e-25 0
1.01941e-25 0
1.02447e-25 0
1.02956e-25 0
1.03468e-25 0
1.03981e-25 0
1.04498e-25 0
1.05017e-25 0
1.05538e-25 0
1.06063e-25 0
1.06589e-25 0
1.07119e-25 0
1.07651e-25 0
1.08185e-25 0
1.08723e-25 0
1.09263e-25 0
1.09805e-25 0
1.10351e-25 0
1.10899e-25 0
1.11449e-25 0
1.12003e-25 0
1.12559e-25 0
1.13118e-25 0
1.1368e-25 0
1.14245e-25 0
1.14812e-25 0
1.15382e-25 0
1.15955e-25 0
1.16531e-25 0
1.1711e-25 0
1.17692e-25 0
1.18276e-25 0
1.18864e-25 0
1.19454e-25 0
1.20047e-25 0
1.20643e-25 0
1.21243e-25 0
1.21845e-25 0
1.2245e-25 0
1.23058e-25 0
1.23669e-25 0
1.24283e-25 0
1.24901e-25 0
1.25521e-25 0
1.26144e-25 0
1.26771e-25 0
1.274e-25 0
1.28033e-25 0
1.28669e-25 0
1.29308e-25 0
1.2995e-25 0
1.30596e-25 0
1.31244e-25 0
1.31896e-25 0
1.32551e-25 0
1.3321e-25 0
1.33871e-25 0
1.34536e-25 0
1.35204e-25 0
1.35876e-25 0
1.3655e-25 0
1.37229e-25 0
1.3791e-25 0
1.38595e-25 0
1.39283e-25 0
1.39975e-25 0
1.4067e-25 0
1.41369e-25 0
1.42071e-25 0
1.42777e-25 0
1.43486e-25 0
1.44198e-25 0
1.44915e-25 0
1.45634e-25 0
1.46358e-25 0
1.47085e-25 0
1.47815e-25 0
1.48549e-25 0
1.49287e-25 0
1.50028e-25 0
1.50774e-25 0
1.51522e-25 0
1.52275e-25 0
1.53031e-25 0
1.53791e-25 0
1.54555e-25 0
1.55323e-25 0
1.56094e-25 0
1.56869e-25 0
1.57648e-25 0
1.58431e-25 0
1.59218e-25 0
1.60009e-25 0
1.60804e-25 0
1.61602e-25 0
1.62405e-25 0
1.63211e-25 0
1.64022e-25 0
1.64837e-25 0
1.65655e-25 0
1.66478e-25 0
1.67305e-25 0
1.68136e-25 0
1.68971e-25 0
1.6981e-25 0
1.70653e-25 0
1.71501e-25 0
1.72353e-25 0
1.73209e-25 0
1.74069e-25 0
1.74933e-25 0
1.75802e-25 0
1.76675e-25 0
1.77553e-25 0
1.78435e-25 0
1.79321e-25 0
1.80211e-25 0
1.81106e-25 0
1.82006e-25 0
1.8291e-25 0
1.83818e-25 0
1.84731e-25 0
1.85649e-25 0
1.86571e-25 0
1.87497e-25 0
1.88429e-25 0
1.89364e-25 0
1.90305e-25 0
1.9125e-25 0
1.922e-25 0
1.93154e-25 0
1.94114e-25 0
1.95078e-25 0
1.96047e-25 0
1.9702e-25 0
1.97999e-25 0
1.98982e-25 0
1.9997e-25 0
2.00964e-25 0
2.01962e-25 0
2.02965e-25 0
2.03973e-25 0
2.04986e-25 0
2.06004e-25 0
2.07027e-25 0
2.08055e-25 0
2.09088e-25 0
2.10127e-25 0
2.1117e-25 0
2.12219e-25 0
2.13273e-25 0
2.14332e-25 0
2.15397e-25 0
2.16467e-25 0
2.17542e-25 0
2.18622e-25 0
2.19708e-25 0
2.20799e-25 0
2.21896e-25 0
2.22998e-25 0
2.24105e-25 0
2.25218e-25 0
2.26337e-25 0
2.27461e-25 0
2.28591e-25 0
2.29726e-25 0
2.30867e-25 0
2.32014e-25 0
2.33166e-25 0
2.34324e-25 0
2.35488e-25 0
2.36657e-25 0
2.37833e-25 0
2.39014e-25 0
2.40201e-25 0
2.41394e-25 0
2.42593e-25 0
2.43798e-25 0
2.45008e-25 0
2.46225e-25 0
2.47448e-25 0
2.48677e-25 0
2.49912e-25 0
2.51153e-25 0
2.52401e-25 0
2.53654e-25 0
2.54914e-25 0
2.5618e-25 0
2.57452e-25 0
2.58731e-25 0
2.60016e-25 0
2.61307e-25 0
2.62605e-25 0
2.63909e-25 0
2.6522e-25 0
2.66537e-25 0
2.67861e-25 0
2.69191e-25 0
2.70528e-25 0
2.71872e-25 0
2.73222e-25 0
2.74579e-25 0
2.75943e-25 0
2.77313e-25 0
2.78691e-25 0
2.80075e-25 0
2.81466e-25 0
2.82864e-25 0
2.84268e-25 0
2.8568e-25 0
2.87099e-25 0
2.88525e-25 0
2.89958e-25 0
2.91398e-25 0
2.92845e-25 0
2.943e-25 0
2.95761e-25 0
2.9723e-25 0
2.98706e-25 0
3.0019e-25 0
3.01681e-25 0
3.03179e-25 0
3.04685e-25 0
3.06198e-25 0
3.07719e-25 0
3.09247e-25 0
3.10783e-25 0
3.12327e-25 0
3.13878e-25 0
3.15437e-25 0
3.17003e-25 0
3.18578e-25 0
3.2016e-25 0
3.2175e-25 0
3.23348e-25 0
3.24954e-25 0
3.26568e-25 0
3.2819e-25 0
3.2982e-25 0
3.31458e-25 0
3.33104e-25 0
3.34758e-25 0
3.36421e-25 0
3.38092e-25 0
3.39771e-25 0
3.41458e-25 0
3.43154e-25 0
3.44858e-25 0
3.46571e-25 0
3.48292e-25 0
3.50022e-25 0
3.5176e-25 0
3.53508e-25 0
3.55263e-25 0
3.57028e-25 0
3.58801e-25 0
3.60583e-25 0
3.62374e-25 0
3.64173e-25 0
3.65982e-25 0
3.678e-25 0
3.69626e-25 0
3.71462e-25 0
3.73307e-25 0
3.75161e-25 0
3.77024e-25 0
3.78897e-25 0
3.80779e-25 0
3.8267e-25 0
3.8457e-25 0
3.8648e-25 0
3.884e-25 0
3.90329e-25 0
3.92267e-25 0
3.94215e-25 0
3.96173e-25 0
3.98141e-25 0
4.00118e-25 0
4.02105e-25 0
4.04103e-25 0
4.0611e-25 0
4.08126e-25 0
4.10153e-25 0
4.1219e-25 0
4.14238e-25 0
4.16295e-25 0
4.18362e-25 0
4.2044e-25 0
4.22528e-25 0
4.24627e-25 0
4.26736e-25 0
4.28855e-25 0
4.30985e-25 0
4.33126e-25 0
4.35277e-25 0
4.37439e-25 0
4.39611e-25 0
4.41794e-25 0
4.43989e-25 0
4.46194e-25 0
4.4841e-25 0
4.50637e-25 0
4.52875e-25 0
4.55124e-25 0
4.57384e-25 0
4.59656e-25 0
4.61939e-25 0
4.64233e-25 0
4.66539e-25 0
4.68856e-25 0
4.71184e-25 0
4.73525e-25 0
4.75876e-25 0
4.7824e-25 0
4.80615e-25 0
4.83002e-25 0
4.85401e-25 0
4.87812e-25 0
4.90234e-25 0
4.92669e-25 0
4.95116e-25 0
4.97575e-25 0
5.00046e-25 0
5.0253e-25 0
5.05025e-25 0
5.07534e-25 0
5.10054e-25 0
5.12587e-25 0
5.15133e-25 0
5.17692e-25 0
5.20263e-25 0
5.22847e-25 0
5.25443e-25 0
5.28053e-25 0
5.30676e-25 0
5.33311e-25 0
5.3596e-25 0
5.38622e-25 0
5.41297e-25 0
5.43985e-25 0
5.46687e-25 0
5.49402e-25 0
5.52131e-25 0
5.54873e-25 0
5.57629e-25 0
5.60398e-25 0
5.63181e-25 0
5.65978e-25 0
5.68789e-25 0
5.71614e-25 0
5.74453e-25 0
5.77306e-25 0
5.80173e-25 0
5.83055e-25 0
5.8595e-25 0
5.88861e-25 0
5.91785e-25 0
5.94724e-25 0
5.97678e-25 0
6.00646e-25 0
6.0363e-25 0
6.06627e-25 0
6.0964e-25 0
6.12668e-25 0
6.15711e-25 0
6.18769e-25 0
6.21842e-25 0
6.2493e-25 0
6.28034e-25 0
6.31153e-25 0
6.34288e-25 0
6.37438e-25 0
6.40604e-25 0
6.43785e-25 0
6.46983e-25 0
6.50196e-25 0
6.53425e-25 0
6.5667e-25 0
6.59932e-25 -4.94066e-324
6.63209e-25 3.45846e-323
6.66503e-25 6.07701e-322
6.69813e-25 4.21438e-321
6.7314e-25 -6.83293e-321
6.76483e-25 -4.66255e-319
6.79843e-25 -4.86688e-318
6.83219e-25 -1.41408e-317
6.86613e-25 2.81475e-316
6.90023e-25 4.59032e-315
6.9345e-25 2.81248e-314
6.96894e-25 -9.3538e-314
7.00355e-25 -3.65074e-312
7.03833e-25 -3.43415e-311
7.07329e-25 -6.62315e-311
7.10842e-25 2.35758e-309
7.14372e-25 3.35977e-308
7.1792e-25 1.77788e-307
7.21486e-25 -1.00039e-306
7.25069e-25 -2.77298e-305
7.2867e-25 -2.33806e-304
7.32289e-25 -1.88529e-304
7.35926e-25 1.89624e-302
7.39581e-25 2.38561e-301
7.43254e-25 1.05517e-300
7.46945e-25 -9.40668e-300
7.50655e-25 -2.04333e-298
7.54383e-25 -1.53401e-297
7.5813e-25 7.72436e-298
7.61895e-25 1.46812e-295
7.65679e-25 1.64294e-294
7.69482e-25 5.77461e-294
7.73304e-25 -8.12271e-293
7.77144e-25 -1.461e-291
7.81004e-25 -9.67798e-291
7.84883e-25 2.00493e-290
7.88781e-25 1.09646e-288
7.92698e-25 1.09698e-287
7.96635e-25 2.80363e-287
8.00592e-25 -6.57681e-286
8.04568e-25 -1.01376e-284
8.08564e-25 -5.85198e-284
8.1258e-25 2.347e-283
8.16615e-25 7.91126e-282
8.20671e-25 7.09706e-281
8.24747e-25 1.08772e-280
8.28843e-25 -5.04951e-279
8.32959e-25 -6.82625e-278
8.37096e-25 -3.3763e-277
8.41254e-25 2.1947e-276
8.45432e-25 5.51955e-275
8.49631e-25 4.44656e-274
8.5385e-25 1.9262e-274
8.58091e-25 -3.69906e-272
8.62353e-25 -4.45988e-271
8.66636e-25 -1.84846e-270
8.7094e-25 1.81692e-269
8.75265e-25 3.72466e-268
8.79612e-25 2.69788e-267
8.83981e-25 -2.01253e-267
8.88371e-25 -2.59354e-265
8.92783e-25 -2.8272e-264
8.97217e-25 -9.55209e-264
9.01674e-25 1.38005e-262
9.06152e-25 2.43058e-261
9.10652e-25 1.58753e-260
9.15175e-25 -3.14553e-260
9.1972e-25 -1.74197e-258
9.24288e-25 -1.74e-257
9.28878e-25 -4.65841e-257
9.33492e-25 9.7532e-256
9.38128e-25 1.53312e-254
9.42787e-25 9.10532e-254
9.47469e-25 -2.89871e-253
9.52175e-25 -1.11971e-251
9.56904e-25 -1.0419e-250
9.61657e-25 -2.19139e-250
9.66433e-25 6.43431e-249
9.71232e-25 9.34428e-248
9.76056e-25 5.15203e-247
9.80904e-25 -2.12535e-246
9.85775e-25 -6.86823e-245
9.90671e-25 -6.10206e-244
9.95591e-25 -1.08345e-243
1.00054e-24 3.94112e-242
1.00551e-24 5.50655e-241
1.0105e-24 2.94545e-240
1.01552e-24 -1.28626e-239
1.02056e-24 -3.99997e-238
1.02563e-24 -3.53397e-237
1.03072e-24 -6.68266e-237
1.03584e-24 2.20345e-235
1.04099e-24 3.14706e-234
1.04616e-24 1.76644e-233
1.05135e-24 -5.91998e-233
1.05657e-24 -2.19417e-231
1.06182e-24 -2.06377e-230
1.0671e-24 -5.58265e-230
1.0724e-24 1.07832e-228
1.07772e-24 1.75898e-227
1.08307e-24 1.15608e-226
1.08845e-24 -1.06589e-226
1.09386e-24 -1.1198e-224
1.09929e-24 -1.25014e-223
1.10475e-24 -5.48086e-223
1.11024e-24 4.07493e-222
1.11575e-24 9.79066e-221
1.12129e-24 8.38153e-220
1.12686e-24 1.81904e-219
1.13246e-24 -5.21617e-218
1.13808e-24 -8.08585e-217
1.14374e-24 -5.43557e-216
1.14942e-24 4.81693e-216
1.15512e-24 5.60136e-214
1.16086e-24 6.57707e-213
1.16663e-24 3.17044e-212
1.17242e-24 -2.151e-211
1.17824e-24 -5.65671e-210
1.1841e-24 -5.12713e-209
1.18998e-24 -1.14044e-208
1.19589e-24 3.42852e-207
1.20183e-24 5.35499e-206
1.20779e-24 3.48653e-205
1.21379e-24 -7.48832e-205
1.21982e-24 -4.2232e-203
1.22588e-24 -4.54244e-202
1.23197e-24 -1.62821e-201
1.23809e-24 2.30532e-200
1.24424e-24 4.36163e-199
1.25042e-24 3.20215e-198
1.25663e-24 -2.11611e-198
1.26287e-24 -3.26319e-196
1.26914e-24 -3.78724e-195
1.27544e-24 -1.5447e-194
1.28178e-24 1.68556e-193
1.28814e-24 3.47414e-192
1.29454e-24 2.64221e-191
1.30097e-24 -6.80858e-192
1.30743e-24 -2.5296e-189
1.31392e-24 -2.98579e-188
1.32045e-24 -1.23634e-187
1.32701e-24 1.28768e-186
1.3336e-24 2.67395e-185
1.34022e-24 2.01946e-184
1.34688e-24 -6.55576e-185
1.35357e-24 -1.92262e-182
1.36029e-24 -2.23602e-181
1.36705e-24 -8.93283e-181
1.37383e-24 9.84117e-180
1.38066e-24 1.97683e-178
1.38752e-24 1.45354e-177
1.39441e-24 -8.65698e-178
1.40133e-24 -1.41156e-175
1.40829e-24 -1.59663e-174
1.41529e-24 -6.02724e-174
1.42231e-24 7.28266e-173
1.42938e-24 1.39925e-171
1.43648e-24 9.96622e-171
1.44361e-24 -8.96543e-171
1.45078e-24 -9.91035e-169
1.45799e-24 -1.0906e-167
1.46523e-24 -3.90676e-167
1.47251e-24 5.09933e-166
1.47982e-24 9.46112e-165
1.48717e-24 6.57956e-164
1.49455e-24 -7.04571e-164
1.50198e-24 -6.59739e-162
1.50944e-24 -7.15084e-161
1.51693e-24 -2.51683e-160
1.52447e-24 3.30804e-159
1.53204e-24 6.0973e-158
1.53965e-24 4.23617e-157
1.54729e-24 -3.85307e-157
1.55498e-24 -4.12312e-155
1.5627e-24 -4.52106e-154
1.57046e-24 -1.67946e-153
1.57826e-24 1.92916e-152
1.5861e-24 3.73506e-151
1.59398e-24 2.70425e-150
1.60189e-24 -5.16436e-151
1.60985e-24 -2.38236e-148
1.61785e-24 -2.77506e-147
1.62588e-24 -1.20202e-146
1.63396e-24 9.47237e-146
1.64207e-24 2.16714e-144
1.65023e-24 1.7455e-143
1.65842e-24 2.17111e-143
1.66666e-24 -1.23649e-141
1.67494e-24 -1.6706e-140
1.68325e-24 -9.28187e-140
1.69161e-24 3.1052e-139
1.70002e-24 1.18528e-137
1.70846e-24 1.15933e-136
1.71694e-24 3.85795e-136
1.72547e-24 -5.3812e-135
1.73404e-24 -9.99871e-134
1.74265e-24 -7.52589e-133
1.75131e-24 -5.43434e-133
1.76001e-24 6.0662e-131
1.76875e-24 7.97946e-130
1.77753e-24 4.54769e-129
1.78636e-24 -1.51522e-128
1.79523e-24 -6.03383e-127
1.80415e-24 -6.16042e-126
1.81311e-24 -2.25547e-125
1.82211e-24 2.86461e-124
1.83116e-24 5.64194e-123
1.84026e-24 4.45372e-122
1.8494e-24 3.5126e-122
1.85858e-24 -3.69887e-120
1.86781e-24 -4.92822e-119
1.87709e-24 -2.73442e-118
1.88641e-24 1.20251e-117
1.89578e-24 4.01023e-116
1.9052e-24 3.86508e-115
1.91466e-24 1.05351e-114
1.92417e-24 -2.2857e-113
1.93372e-24 -3.77112e-112
1.94333e-24 -2.5357e-111
1.95298e-24 3.88587e-111
1.96268e-24 2.7885e-109
1.97243e-24 3.05303e-108
1.98222e-24 1.15816e-107
1.99207e-24 -1.38379e-106
2.00196e-24 -2.72099e-105
2.0119e-24 -2.0476e-104
2.0219e-24 6.4121e-106
2.03194e-24 1.84332e-102
2.04203e-24 2.22216e-101
2.05217e-24 1.01108e-100
2.06236e-24 -7.77068e-100
2.07261e-24 -1.8284e-98
2.0829e-24 -1.50736e-97
2.09324e-24 -1.69909e-97
2.10364e-24 1.12061e-95
2.11409e-24 1.49724e-94
2.12459e-24 7.97392e-94
2.13514e-24 -3.60968e-93
2.14574e-24 -1.12602e-91
2.1564e-24 -1.03521e-90
2.16711e-24 -2.48898e-90
2.17787e-24 5.9403e-89
2.18869e-24 9.32677e-88
2.19956e-24 5.98761e-87
2.21048e-24 -8.5241e-87
2.22146e-24 -6.17528e-85
2.23249e-24 -6.72921e-84
2.24358e-24 -2.76253e-83
2.25473e-24 2.3928e-82
2.26592e-24 5.32603e-81
2.27718e-24 4.39226e-80
2.28849e-24 7.97476e-80
2.29985e-24 -2.81661e-78
2.31127e-24 -4.17893e-77
2.32275e-24 -2.7005e-76
2.33429e-24 2.58711e-76
2.34588e-24 2.72556e-74
2.35753e-24 3.1694e-73
2.36924e-24 1.58895e-72
2.38101e-24 -8.25958e-72
2.39283e-24 -2.48448e-70
2.40472e-24 -2.39775e-69
2.41666e-24 -8.14388e-69
2.42866e-24 1.17274e-67
2.44073e-24 2.22773e-66
2.45285e-24 1.76945e-65
2.46503e-24 1.9355e-65
2.47727e-24 -1.39602e-63
2.48958e-24 -1.94119e-62
2.50194e-24 -1.17664e-61
2.51437e-24 3.25027e-61
2.52685e-24 1.48886e-59
2.5394e-24 1.57525e-58
2.55202e-24 5.9763e-58
2.56469e-24 -7.11621e-57
2.57743e-24 -1.44983e-55
2.59023e-24 -1.2813e-54
2.60309e-24 -9.56254e-54
2.61602e-24 -3.79592e-52
2.62901e-24 -2.23654e-50
2.64207e-24 -1.13642e-48
2.65519e-24 -5.43865e-47
2.66838e-24 -2.394e-45
2.68163e-24 -9.85453e-44
2.69495e-24 -3.98774e-42
2.70834e-24 -1.52837e-40
2.72179e-24 -5.34054e-39
2.7353e-24 -1.78899e-37
2.74889e-24 -5.80692e-36
2.76254e-24 -1.70758e-34
2.77626e-24 -4.59758e-33
2.79005e-24 -1.19867e-31
2.80391e-24 -2.85471e-30
2.81783e-24 -5.79276e-29
2.83183e-24 -1.05341e-27
2.84589e-24 -1.66157e-26
2.86003e-24 -1.41615e-25
2.87423e-24 1.99242e-24
2.88851e-24 1.21266e-22
2.90285e-24 3.80757e-21
2.91727e-24 9.53648e-20
2.93176e-24 1.95528e-18
2.94632e-24 3.4896e-17
2.96095e-24 5.66595e-16
2.97566e-24 8.25739e-15
2.99043e-24 1.07354e-13
3.00529e-24 1.26423e-12
3.02021e-24 1.34685e-11
3.03521e-24 1.28319e-10
3.05029e-24 1.09262e-09
3.06544e-24 8.307e-09
3.08066e-24 5.58336e-08
3.09596e-24 3.28877e-07
3.11134e-24 1.68498e-06
3.12679e-24 7.40957e-06
3.14232e-24 2.74857e-05
3.15792e-24 8.41338e-05
3.17361e-24 0.000205419
3.18937e-24 0.00037835
3.20521e-24 0.000469329
3.22113e-24 0.000268276
3.23713e-24 -0.000161226
3.2532e-24 -0.000272505
3.26936e-24 0.000140188
3.2856e-24 0.000212857
3.30192e-24 -0.000230861
3.31832e-24 1.62429e-06
3.3348e-24 0.000215326
3.35136e-24 -0.000253659
3.368e-24 0.000154668
3.38473e-24 1.34278e-06
3.40154e-24 -0.000135667
3.41843e-24 0.000228877
3.43541e-24 -0.000272367
3.45247e-24 0.000283026
3.46962e-24 -0.000278922
3.48685e-24 0.000288323
3.50417e-24 -0.000296256
3.52157e-24 0.000283703
3.53906e-24 -0.000269781
3.55664e-24 0.000248906
3.5743e-24 -0.000147943
3.59206e-24 1.23232e-05
3.6099e-24 0.000112593
3.62782e-24 -0.000263452
3.64584e-24 0.000256826
3.66395e-24 -9.72878e-05
3.68215e-24 -8.43375e-05
3.70043e-24 0.000279819
3.71881e-24 -0.000117123
3.73728e-24 -8.53793e-05
3.75584e-24 0.000240661
3.7745e-24 -2.26463e-05
3.79324e-24 -0.000192112
3.81208e-24 9.304e-05
3.83101e-24 0.000172702
3.85004e-24 -7.13913e-05
3.86916e-24 -0.000133972
3.88838e-24 7.80652e-05
3.90769e-24 0.000222353
3.9271e-24 0.00013732
3.9466e-24 -1.42332e-05
3.9662e-24 -6.43564e-05
3.9859e-24 -1.97418e-05
4.0057e-24 1.97401e-05
4.02559e-24 7.13949e-06
4.04558e-24 -1.99477e-05
4.06568e-24 -7.6684e-06
4.08587e-24 3.50181e-05
4.10616e-24 3.41389e-05
4.12656e-24 -5.71547e-05
4.14705e-24 -0.000160653
4.16765e-24 -0.000128737
4.18835e-24 4.32548e-05
4.20915e-24 0.000127591
4.23005e-24 -1.14535e-05
4.25106e-24 -0.00012395
4.27217e-24 3.1164e-05
4.29339e-24 0.000146534
4.31471e-24 -4.98608e-05
4.33614e-24 -0.000113106
4.35768e-24 0.000108186
4.37932e-24 2.02974e-05
4.40107e-24 -0.000152883
4.42293e-24 7.03968e-05
4.4449e-24 1.89047e-05
4.46697e-24 -0.000128704
4.48916e-24 0.000110716
4.51145e-24 -2.59729e-05
4.53386e-24 -3.83309e-05
4.55638e-24 0.000105248
4.579e-24 -0.000106714
4.60175e-24 7.08352e-05
4.6246e-24 -4.13783e-05
4.64757e-24 -2.53651e-06
4.67065e-24 4.2659e-05
4.69385e-24 -5.93744e-05
4.71716e-24 7.15714e-05
4.74059e-24 -8.52461e-05
4.76413e-24 8.97241e-05
4.78779e-24 -8.63817e-05
4.81157e-24 8.28319e-05
4.83547e-24 -7.57537e-05
4.85948e-24 5.71662e-05
4.88362e-24 -2.48274e-05
4.90787e-24 -1.69958e-05
4.93225e-24 6.02879e-05
4.95674e-24 -9.09167e-05
4.98136e-24 9.27924e-05
5.0061e-24 -5.67365e-05
5.03097e-24 -6.58072e-06
5.05595e-24 6.28695e-05
5.08106e-24 -7.37539e-05
5.1063e-24 2.98567e-05
5.13166e-24 3.23724e-05
5.15714e-24 -5.7285e-05
5.18276e-24 2.4812e-05
5.2085e-24 2.88804e-05
5.23437e-24 -4.54334e-05
5.26036e-24 4.10522e-06
5.28649e-24 4.51979e-05
5.31274e-24 -2.23158e-05
5.33913e-24 -4.68652e-05
5.36565e-24 2.42631e-05
5.39229e-24 5.76419e-05
5.41908e-24 -2.1502e-06
5.44599e-24 -6.19677e-05
5.47304e-24 -4.36464e-05
5.50022e-24 2.25526e-05
5.52754e-24 6.39204e-05
5.55499e-24 5.03867e-05
5.58258e-24 4.70674e-06
5.6103e-24 -3.60704e-05
5.63817e-24 -5.22163e-05
5.66617e-24 -4.5406e-05
5.69431e-24 -2.75175e-05
5.72259e-24 -9.59371e-06
5.75101e-24 2.62603e-06
5.77957e-24 8.16596e-06
5.80828e-24 8.54788e-06
5.83713e-24 5.73487e-06
5.86612e-24 1.60591e-06
5.89525e-24 -2.7248e-06
5.92453e-24 -5.87609e-06
5.95395e-24 -6.79651e-06
5.98352e-24 -4.02783e-06
6.01324e-24 3.59369e-06
6.04311e-24 1.50294e-05
6.07312e-24 2.67486e-05
6.10328e-24 3.2382e-05
6.13359e-24 2.42132e-05
6.16406e-24 1.76963e-06
6.19467e-24 -2.39047e-05
6.22544e-24 -3.24718e-05
6.25635e-24 -1.23601e-05
6.28743e-24 1.86863e-05
6.31865e-24 2.48821e-05
6.35003e-24 -2.67734e-06
6.38157e-24 -2.20927e-05
6.41327e-24 -6.9065e-07
6.44512e-24 1.93551e-05
6.47713e-24 -4.78612e-06
6.5093e-24 -1.75224e-05
6.54162e-24 1.56522e-05
6.57411e-24 8.91536e-06
6.60676e-24 -2.47983e-05
6.63958e-24 1.23178e-05
6.67255e-24 1.45959e-05
6.70569e-24 -2.89713e-05
6.739e-24 2.01792e-05
6.77246e-24 1.8131e-06
6.8061e-24 -2.10727e-05
6.8399e-24 2.88835e-05
6.87387e-24 -2.58615e-05
6.90801e-24 1.76521e-05
6.94232e-24 -9.20818e-06
6.9768e-24 3.25146e-06
7.01145e-24 5.01194e-07
7.04627e-24 -2.34919e-06
7.08127e-24 1.34023e-06
7.11644e-24 2.99518e-06
7.15178e-24 -7.32599e-06
7.1873e-24 1.0733e-05
7.223e-24 -1.59013e-05
7.25887e-24 1.98928e-05
7.29492e-24 -1.45883e-05
7.33115e-24 5.36994e-06
7.36756e-24 5.72622e-06
7.40415e-24 -2.07408e-05
7.44093e-24 1.80282e-05
7.47788e-24 -1.33131e-06
7.51502e-24 -1.25881e-05
7.55234e-24 2.09429e-05
7.58985e-24 5.68291e-06
7.62755e-24 -1.41922e-05
7.66543e-24 6.94994e-06
7.7035e-24 1.67079e-05
7.74176e-24 -1.81087e-06
7.78021e-24 -1.0964e-05
7.81885e-24 1.64422e-06
7.85768e-24 1.45332e-05
7.89671e-24 1.42876e-05
7.93593e-24 5.90045e-06
7.97534e-24 -1.42647e-06
8.01495e-24 -3.59118e-06
8.05476e-24 -3.81832e-06
8.09476e-24 -4.50671e-06
8.13496e-24 -3.74715e-06
8.17537e-24 1.87545e-06
8.21597e-24 1.09949e-05
8.25677e-24 1.36696e-05
8.29778e-24 4.68393e-06
8.33899e-24 -5.56584e-06
8.38041e-24 -1.58425e-06
8.42203e-24 9.63972e-06
8.46386e-24 6.78833e-06
8.50589e-24 -5.37029e-06
8.54814e-24 -1.38834e-08
8.59059e-24 9.60064e-06
8.63326e-24 -4.21616e-06
8.67614e-24 -4.95858e-06
8.71923e-24 8.08733e-06
8.76253e-24 -8.08371e-06
8.80605e-24 2.48318e-06
8.84978e-24 3.47106e-06
8.89374e-24 -5.83886e-06
8.93791e-24 7.29123e-06
8.9823e-24 -7.6818e-06
9.02691e-24 6.96374e-06
9.07174e-24 -5.90624e-06
9.1168e-24 5.72705e-06
9.16207e-24 -5.79831e-06
9.20758e-24 6.05124e-06
9.25331e-24 -5.76272e-06
9.29926e-24 4.37723e-06
9.34545e-24 -1.41311e-06
9.39186e-24 -2.35373e-06
9.43851e-24 4.88661e-06
9.48538e-24 -3.50094e-06
9.53249e-24 -5.60624e-07
9.57984e-24 3.03397e-06
9.62742e-24 -1.21701e-06
9.67523e-24 -9.07414e-07
9.72328e-24 9.08825e-07
9.77157e-24 -3.59089e-07
9.8201e-24 -4.96089e-07
9.86888e-24 1.22837e-06
9.91789e-24 1.4971e-06
9.96715e-24 -2.39679e-08
1.00166e-23 -1.84842e-06
1.00664e-23 -1.48842e-06
1.01164e-23 -6.62732e-07
1.01666e-23 5.39688e-07
1.02171e-23 8.94773e-07
1.02679e-23 7.42256e-07
1.03189e-23 4.70228e-07
1.03701e-23 1.93824e-07
1.04216e-23 -2.48015e-07
1.04734e-23 1.47073e-07
1.05254e-23 1.14127e-06
1.05777e-23 2.09901e-06
1.06302e-23 3.08877e-06
1.0683e-23 2.90288e-06
1.07361e-23 1.15292e-06
1.07894e-23 -9.31227e-07
1.0843e-23 -1.60199e-06
1.08968e-23 -3.12651e-07
1.09509e-23 8.7944e-07
1.10053e-23 3.14383e-07
1.106e-23 1.2635e-07
1.11149e-23 3.0491e-07
1.11701e-23 -7.84819e-07
1.12256e-23 4.53956e-07
1.12813e-23 8.89736e-07
1.13374e-23 -1.43949e-06
1.13937e-23 1.30289e-06
1.14503e-23 -4.9038e-07
1.15071e-23 -6.86171e-08
1.15643e-23 6.64624e-07
1.16217e-23 -7.46966e-07
1.16794e-23 8.05882e-07
1.17374e-23 -5.03052e-07
1.17957e-23 2.87259e-07
1.18543e-23 3.10564e-07
1.19132e-23 -7.95816e-07
1.19724e-23 9.30376e-07
1.20318e-23 -2.93928e-07
1.20916e-23 -2.06107e-07
1.21516e-23 8.43798e-07
1.2212e-23 -1.03619e-07
1.22726e-23 -6.25983e-07
1.23336e-23 -2.51409e-07
1.23948e-23 5.31185e-07
1.24564e-23 -1.41275e-07
1.25183e-23 -6.16446e-07
1.25804e-23 -1.05919e-06
1.26429e-23 -2.97293e-07
1.27057e-23 1.96922e-07
1.27688e-23 8.89848e-07
1.28322e-23 9.69017e-07
1.2896e-23 6.90607e-07
1.296e-23 -1.65112e-08
1.30244e-23 -2.65171e-07
1.30891e-23 5.9824e-08
1.31541e-23 7.11041e-07
1.32194e-23 1.3032e-07
1.3285e-23 -2.03284e-07
1.3351e-23 1.64959e-07
1.34173e-23 7.75457e-08
1.3484e-23 -8.61491e-08
1.35509e-23 1.72563e-08
1.36182e-23 1.83027e-07
1.36859e-23 -1.76875e-07
1.37538e-23 2.69815e-07
1.38222e-23 -2.96892e-07
1.38908e-23 4.1527e-07
1.39598e-23 -4.19337e-07
1.40291e-23 5.57977e-07
1.40988e-23 -3.17166e-07
1.41688e-23 8.98346e-08
1.42392e-23 6.85542e-07
1.43099e-23 -2.13103e-07
1.4381e-23 1.10827e-07
1.44524e-23 5.91117e-07
1.45242e-23 -1.89913e-07
1.45963e-23 -4.9246e-07
1.46688e-23 -2.79456e-07
1.47417e-23 2.64573e-07
1.48149e-23 6.23156e-07
1.48885e-23 1.60807e-07
1.49624e-23 1.86121e-07
1.50367e-23 3.08942e-07
1.51114e-23 6.83373e-11
1.51864e-23 -8.8766e-08
1.52619e-23 -7.39368e-08
1.53377e-23 1.00133e-07
1.54138e-23 2.89069e-07
1.54904e-23 4.88959e-07
1.55673e-23 6.09042e-07
1.56446e-23 1.21992e-07
1.57223e-23 -1.66768e-07
1.58004e-23 -2.15518e-07
1.58789e-23 1.8892e-07
1.59578e-23 3.58309e-07
1.6037e-23 -1.8144e-07
1.61167e-23 -6.73572e-08
1.61967e-23 3.27222e-07
1.62771e-23 -2.39458e-07
1.6358e-23 1.29447e-07
1.64392e-23 4.15491e-08
1.65209e-23 -1.06248e-08
1.66029e-23 1.05703e-07
1.66854e-23 3.57279e-08
1.67683e-23 -9.10988e-08
1.68515e-23 2.02705e-07
1.69352e-23 -1.45863e-07
1.70193e-23 7.28167e-08
1.71039e-23 1.34699e-07
1.71888e-23 -4.2116e-08
1.72742e-23 -6.07932e-08
1.736e-23 2.02524e-07
1.74462e-23 -4.29822e-08
1.75328e-23 3.44663e-08
1.76199e-23 -1.27597e-07
1.77074e-23 -7.07291e-09
1.77954e-23 1.35666e-08
1.78837e-23 1.42993e-07
1.79726e-23 -4.71919e-08
1.80618e-23 -7.98529e-08
1.81515e-23 1.6752e-07
1.82417e-23 6.0108e-08
1.83323e-23 -1.55385e-07
1.84233e-23 1.78548e-07
1.85148e-23 -4.23244e-08
1.86068e-23 1.16284e-07
1.86992e-23 -1.22796e-07
1.87921e-23 1.74138e-07
1.88854e-23 2.11775e-08
1.89792e-23 -1.49884e-07
1.90734e-23 2.69049e-07
1.91682e-23 -6.47678e-08
1.92634e-23 -2.31873e-07
1.9359e-23 2.35763e-07
1.94552e-23 2.06551e-07
1.95518e-23 -5.52579e-08
1.96489e-23 -8.33199e-08
1.97465e-23 -1.80379e-07
1.98446e-23 -2.73291e-07
1.99431e-23 -1.81756e-07
2.00422e-23 -1.0549e-07
2.01417e-23 -7.29674e-08
2.02418e-23 -1.62708e-07
2.03423e-23 -2.79431e-07
2.04433e-23 -1.59193e-07
2.05449e-23 -7.28056e-08
2.06469e-23 7.5859e-08
2.07494e-23 1.29714e-07
2.08525e-23 -9.49922e-08
2.09561e-23 -3.16158e-08
2.10601e-23 9.96403e-08
2.11647e-23 -6.92482e-08
2.12698e-23 1.3472e-07
2.13755e-23 -1.00817e-07
2.14816e-23 4.46698e-08
2.15883e-23 -4.96481e-09
2.16955e-23 8.9575e-08
2.18033e-23 -7.73426e-08
2.19116e-23 -8.94358e-09
2.20204e-23 1.14501e-07
2.21298e-23 9.36171e-08
2.22397e-23 -1.87894e-07
2.23501e-23 8.25464e-08
2.24611e-23 9.35045e-08
2.25727e-23 3.03378e-08
2.26848e-23 -4.71539e-08
2.27975e-23 1.13488e-07
2.29107e-23 3.68169e-08
2.30245e-23 -2.67277e-08
2.31388e-23 -1.03246e-08
2.32537e-23 7.53717e-08
2.33692e-23 1.89188e-08
2.34853e-23 -9.51533e-09
2.36019e-23 -1.72408e-08
2.37192e-23 1.27938e-07
2.3837e-23 3.85392e-08
2.39553e-23 -1.06652e-07
2.40743e-23 3.22913e-08
2.41939e-23 7.96638e-08
2.4314e-23 3.57069e-08
2.44348e-23 -1.48305e-07
2.45562e-23 -3.698e-08
2.46781e-23 4.62092e-08
2.48007e-23 8.33024e-08
2.49239e-23 9.2252e-08
2.50476e-23 1.06825e-07
2.5172e-23 3.2126e-08
2.52971e-23 1.79671e-08
2.54227e-23 -7.85431e-08
2.5549e-23 -6.48315e-08
2.56758e-23 4.82706e-08
2.58034e-23 5.35899e-08
2.59315e-23 -1.78276e-08
2.60603e-23 3.79236e-08
2.61897e-23 -2.17235e-09
2.63198e-23 -2.20187e-08
2.64505e-23 5.10658e-08
2.65819e-23 7.27095e-08
2.67139e-23 -4.16497e-08
2.68466e-23 -3.51548e-10
2.69799e-23 4.32499e-08
2.71139e-23 1.229e-08
2.72486e-23 8.86843e-09
2.73839e-23 3.88785e-08
2.75199e-23 3.6543e-08
2.76566e-23 2.17396e-08
2.77939e-23 2.64503e-08
2.7932e-23 4.64202e-08
2.80707e-23 -4.3292e-08
2.82101e-23 4.13847e-08
2.83502e-23 -3.232e-08
2.8491e-23 7.78107e-08
2.86325e-23 -2.48314e-08
2.87747e-23 4.34687e-08
2.89176e-23 9.89235e-09
2.90613e-23 -6.42329e-08
2.92056e-23 7.04985e-08
2.93506e-23 4.9236e-08
2.94964e-23 9.31624e-08
2.96429e-23 -6.9909e-09
2.97901e-23 4.38229e-08
2.99381e-23 1.94742e-08
3.00868e-23 5.69195e-08
3.02362e-23 4.86194e-08
3.03864e-23 7.08469e-08
3.05373e-23 -2.98157e-09
3.06889e-23 -3.49973e-09
3.08414e-23 3.92505e-08
3.09945e-23 -5.74749e-09
3.11485e-23 2.46953e-08
3.13032e-23 -1.12607e-08
3.14586e-23 2.38482e-08
3.16149e-23 2.99713e-08
3.17719e-23 2.4814e-08
3.19297e-23 -2.34787e-08
3.20883e-23 -1.58679e-10
3.22476e-23 1.8862e-07
3.24078e-23 -7.0442e-08
