2 0.00356125
3 0.00674408
4 0.00610695
5 0.00140779
6 -0.000101556
7 0.0033115
8 0.00463455
10 -0.00112712
12 0.00423789
15 -0.000101955
20 0.00159849
25 0.00257179
30 0.00286054
40 0.00231166
50 -0.00108837
60 -0.000953393
70 -0.000205564
80 0.00305147
90 0.00362109
100 0.00155011
120 -2.41162e-05
140 -6.88057e-10
160 -1.2126e-16
180 1.99566e-20
200 -9.36875e-25
225 -9.11463e-30
250 2.1735e-31
275 5.39633e-34
300 -1.72533e-36
350 2.7241e-41
400 -1.05404e-45
450 4.76483e-47
500 -6.64465e-50
550 5.65911e-53
600 3.27464e-55
650 -4.45114e-59
700 -3.74756e-59
750 4.9902e-62
800 1.21944e-63
850 5.39876e-66
900 -6.2066e-67
950 -1.03666e-68
1000 8.62602e-70
1050 2.38428e-71
1100 5.70549e-73
1150 4.89045e-74
1200 4.01269e-75
1250 2.80872e-76
1300 1.73626e-77
1350 6.85826e-79
1400 -2.34623e-80
1450 -1.91724e-81
1500 4.3596e-82
1550 5.42265e-83
1600 -2.52711e-84
1650 1.75369e-85
1700 5.6194e-86
1750 -1.81107e-86
1800 6.27299e-88
1850 1.90653e-88
1900 -1.47236e-89
1950 2.3412e-90
2000 -7.89185e-91
