1.62039e-27 0
1.62844e-27 0
1.63652e-27 0
1.64465e-27 0
1.65282e-27 0
1.66103e-27 0
1.66928e-27 0
1.67757e-27 0
1.6859e-27 0
1.69427e-27 0
1.70269e-27 0
1.71115e-27 0
1.71964e-27 0
1.72818e-27 0
1.73677e-27 0
1.74539e-27 0
1.75406e-27 0
1.76277e-27 0
1.77153e-27 0
1.78033e-27 0
1.78917e-27 0
1.79805e-27 0
1.80698e-27 0
1.81596e-27 0
1.82498e-27 0
1.83404e-27 0
1.84315e-27 0
1.8523e-27 0
1.8615e-27 0
1.87075e-27 0
1.88004e-27 0
1.88938e-27 0
1.89876e-27 0
1.90819e-27 0
1.91767e-27 0
1.92719e-27 0
1.93676e-27 0
1.94638e-27 0
1.95605e-27 0
1.96576e-27 0
1.97553e-27 0
1.98534e-27 0
1.9952e-27 0
2.00511e-27 0
2.01507e-27 0
2.02507e-27 0
2.03513e-27 0
2.04524e-27 0
2.0554e-27 0
2.06561e-27 0
2.07586e-27 0
2.08617e-27 0
2.09654e-27 0
2.10695e-27 0
2.11741e-27 0
2.12793e-27 0
2.1385e-27 0
2.14912e-27 0
2.15979e-27 0
2.17052e-27 0
2.1813e-27 0
2.19213e-27 0
2.20302e-27 0
2.21396e-27 0
2.22496e-27 0
2.23601e-27 0
2.24711e-27 0
2.25827e-27 0
2.26949e-27 0
2.28076e-27 0
2.29209e-27 0
2.30347e-27 0
2.31491e-27 0
2.32641e-27 0
2.33796e-27 0
2.34957e-27 0
2.36124e-27 0
2.37297e-27 0
2.38475e-27 0
2.3966e-27 0
2.4085e-27 0
2.42046e-27 0
2.43248e-27 0
2.44456e-27 0
2.45671e-27 0
2.46891e-27 0
2.48117e-27 0
2.49349e-27 0
2.50588e-27 0
2.51832e-27 0
2.53083e-27 0
2.5434e-27 0
2.55603e-27 0
2.56872e-27 0
2.58148e-27 0
2.5943e-27 0
2.60719e-27 0
2.62014e-27 0
2.63315e-27 0
2.64623e-27 0
2.65937e-27 0
2.67258e-27 0
2.68585e-27 0
2.69919e-27 0
2.71259e-27 0
2.72607e-27 0
2.73961e-27 0
2.75321e-27 0
2.76689e-27 0
2.78063e-27 0
2.79444e-27 0
2.80832e-27 0
2.82226e-27 0
2.83628e-27 0
2.85037e-27 0
2.86452e-27 0
2.87875e-27 0
2.89305e-27 0
2.90742e-27 0
2.92186e-27 0
2.93637e-27 0
2.95095e-27 0
2.96561e-27 0
2.98034e-27 0
2.99514e-27 0
3.01001e-27 0
3.02496e-27 0
3.03999e-27 0
3.05508e-27 0
3.07026e-27 0
3.08551e-27 0
3.10083e-27 0
3.11623e-27 0
3.13171e-27 0
3.14726e-27 0
3.16289e-27 0
3.1786e-27 0
3.19439e-27 0
3.21025e-27 0
3.22619e-27 0
3.24222e-27 0
3.25832e-27 0
3.2745e-27 0
3.29077e-27 0
3.30711e-27 0
3.32353e-27 0
3.34004e-27 0
3.35663e-27 0
3.3733e-27 0
3.39005e-27 0
3.40689e-27 0
3.42381e-27 0
3.44081e-27 0
3.4579e-27 0
3.47508e-27 0
3.49234e-27 0
3.50968e-27 0
3.52711e-27 0
3.54463e-27 0
3.56223e-27 0
3.57993e-27 0
3.59771e-27 0
3.61557e-27 0
3.63353e-27 0
3.65158e-27 0
3.66971e-27 0
3.68794e-27 0
3.70625e-27 0
3.72466e-27 0
3.74316e-27 0
3.76175e-27 0
3.78043e-27 0
3.79921e-27 0
3.81808e-27 0
3.83704e-27 0
3.8561e-27 0
3.87525e-27 0
3.89449e-27 0
3.91384e-27 0
3.93327e-27 0
3.95281e-27 0
3.97244e-27 0
3.99217e-27 0
4.012e-27 0
4.03192e-27 0
4.05195e-27 0
4.07207e-27 0
4.0923e-27 0
4.11262e-27 0
4.13304e-27 0
4.15357e-27 0
4.1742e-27 0
4.19493e-27 0
4.21577e-27 0
4.2367e-27 0
4.25775e-27 0
4.27889e-27 0
4.30014e-27 0
4.3215e-27 0
4.34296e-27 0
4.36453e-27 0
4.38621e-27 0
4.40799e-27 0
4.42988e-27 0
4.45189e-27 0
4.474e-27 0
4.49622e-27 0
4.51855e-27 0
4.54099e-27 0
4.56354e-27 0
4.58621e-27 0
4.60898e-27 0
4.63187e-27 0
4.65488e-27 0
4.678e-27 0
4.70123e-27 0
4.72458e-27 0
4.74804e-27 0
4.77162e-27 0
4.79532e-27 0
4.81914e-27 0
4.84307e-27 0
4.86713e-27 0
4.8913e-27 0
4.91559e-27 0
4.94e-27 0
4.96454e-27 0
4.9892e-27 0
5.01397e-27 0
5.03888e-27 0
5.0639e-27 0
5.08905e-27 0
5.11433e-27 0
5.13973e-27 0
5.16525e-27 0
5.19091e-27 0
5.21669e-27 0
5.2426e-27 0
5.26863e-27 0
5.2948e-27 0
5.3211e-27 0
5.34753e-27 0
5.37408e-27 0
5.40077e-27 0
5.4276e-27 0
5.45455e-27 0
5.48164e-27 0
5.50887e-27 0
5.53623e-27 0
5.56372e-27 0
5.59136e-27 0
5.61913e-27 0
5.64703e-27 0
5.67508e-27 0
5.70326e-27 0
5.73159e-27 0
5.76006e-27 0
5.78866e-27 0
5.81741e-27 0
5.84631e-27 0
5.87534e-27 0
5.90452e-27 0
5.93385e-27 0
5.96332e-27 0
5.99293e-27 0
6.0227e-27 0
6.05261e-27 0
6.08267e-27 0
6.11288e-27 0
6.14324e-27 0
6.17375e-27 0
6.20441e-27 0
6.23523e-27 0
6.26619e-27 0
6.29731e-27 0
6.32859e-27 0
6.36002e-27 0
6.39161e-27 0
6.42335e-27 0
6.45525e-27 0
6.48731e-27 0
6.51953e-27 0
6.55191e-27 0
6.58445e-27 0
6.61715e-27 0
6.65002e-27 0
6.68305e-27 0
6.71624e-27 0
6.74959e-27 0
6.78312e-27 0
6.8168e-27 0
6.85066e-27 0
6.88468e-27 0
6.91888e-27 0
6.95324e-27 0
6.98777e-27 0
7.02248e-27 0
7.05735e-27 0
7.0924e-27 0
7.12763e-27 0
7.16303e-27 0
7.1986e-27 0
7.23436e-27 0
7.27029e-27 0
7.30639e-27 0
7.34268e-27 0
7.37915e-27 0
7.4158e-27 0
7.45263e-27 0
7.48964e-27 0
7.52684e-27 0
7.56422e-27 0
7.60179e-27 0
7.63954e-27 0
7.67748e-27 0
7.71562e-27 0
7.75393e-27 0
7.79244e-27 0
7.83115e-27 0
7.87004e-27 0
7.90913e-27 0
7.94841e-27 0
7.98788e-27 0
8.02755e-27 0
8.06742e-27 0
8.10749e-27 0
8.14776e-27 0
8.18822e-27 0
8.22889e-27 0
8.26976e-27 0
8.31083e-27 0
8.35211e-27 0
8.39359e-27 0
8.43527e-27 0
8.47717e-27 0
8.51927e-27 0
8.56158e-27 0
8.6041e-27 0
8.64683e-27 0
8.68978e-27 0
8.73294e-27 0
8.77631e-27 0
8.8199e-27 0
8.8637e-27 0
8.90772e-27 0
8.95196e-27 0
8.99642e-27 0
9.0411e-27 0
9.08601e-27 0
9.13113e-27 0
9.17648e-27 0
9.22206e-27 0
9.26786e-27 0
9.31389e-27 0
9.36015e-27 0
9.40663e-27 0
9.45335e-27 0
9.5003e-27 0
9.54748e-27 0
9.5949e-27 0
9.64256e-27 0
9.69045e-27 0
9.73857e-27 0
9.78694e-27 0
9.83555e-27 0
9.8844e-27 0
9.93349e-27 0
9.98282e-27 0
1.00324e-26 0
1.00822e-26 0
1.01323e-26 0
1.01826e-26 0
1.02332e-26 0
1.0284e-26 0
1.03351e-26 0
1.03864e-26 0
1.0438e-26 0
1.04898e-26 0
1.05419e-26 0
1.05943e-26 0
1.06469e-26 0
1.06998e-26 0
1.07529e-26 0
1.08063e-26 0
1.086e-26 0
1.09139e-26 0
1.09682e-26 0
1.10226e-26 0
1.10774e-26 0
1.11324e-26 0
1.11877e-26 0
1.12432e-26 0
1.12991e-26 0
1.13552e-26 0
1.14116e-26 0
1.14683e-26 0
1.15252e-26 0
1.15825e-26 0
1.164e-26 0
1.16978e-26 0
1.17559e-26 0
1.18143e-26 0
1.1873e-26 0
1.19319e-26 0
1.19912e-26 0
1.20507e-26 0
1.21106e-26 0
1.21707e-26 0
1.22312e-26 0
1.22919e-26 0
1.2353e-26 0
1.24143e-26 0
1.2476e-26 0
1.25379e-26 0
1.26002e-26 0
1.26628e-26 0
1.27257e-26 0
1.27889e-26 0
1.28524e-26 0
1.29162e-26 0
1.29804e-26 0
1.30449e-26 0
1.31096e-26 0
1.31747e-26 0
1.32402e-26 0
1.33059e-26 0
1.3372e-26 0
1.34384e-26 0
1.35052e-26 0
1.35723e-26 0
1.36397e-26 0
1.37074e-26 0
1.37755e-26 0
1.38439e-26 0
1.39127e-26 0
1.39817e-26 0
1.40512e-26 0
1.4121e-26 0
1.41911e-26 0
1.42616e-26 0
1.43324e-26 0
1.44036e-26 0
1.44751e-26 0
1.4547e-26 0
1.46193e-26 0
1.46919e-26 0
1.47648e-26 0
1.48382e-26 0
1.49119e-26 0
1.49859e-26 0
1.50604e-26 0
1.51352e-26 0
1.52103e-26 0
1.52859e-26 0
1.53618e-26 0
1.54381e-26 0
1.55148e-26 0
1.55918e-26 0
1.56692e-26 0
1.57471e-26 0
1.58253e-26 0
1.59039e-26 0
1.59829e-26 0
1.60622e-26 0
1.6142e-26 0
1.62222e-26 0
1.63027e-26 0
1.63837e-26 0
1.64651e-26 0
1.65469e-26 0
1.6629e-26 0
1.67116e-26 0
1.67946e-26 0
1.6878e-26 0
1.69619e-26 0
1.70461e-26 0
1.71308e-26 0
1.72158e-26 0
1.73013e-26 0
1.73873e-26 0
1.74736e-26 0
1.75604e-26 0
1.76476e-26 0
1.77353e-26 0
1.78234e-26 0
1.79119e-26 0
1.80008e-26 0
1.80902e-26 0
1.81801e-26 0
1.82704e-26 0
1.83611e-26 0
1.84523e-26 0
1.85439e-26 0
1.8636e-26 0
1.87286e-26 0
1.88216e-26 0
1.89151e-26 0
1.9009e-26 0
1.91034e-26 0
1.91983e-26 0
1.92937e-26 0
1.93895e-26 0
1.94858e-26 0
1.95826e-26 0
1.96798e-26 0
1.97776e-26 0
1.98758e-26 0
1.99745e-26 0
2.00737e-26 0
2.01734e-26 0
2.02736e-26 0
2.03743e-26 0
2.04755e-26 0
2.05772e-26 0
2.06794e-26 0
2.07821e-26 0
2.08853e-26 0
2.0989e-26 0
2.10932e-26 0
2.1198e-26 0
2.13033e-26 0
2.14091e-26 0
2.15154e-26 0
2.16223e-26 0
2.17297e-26 0
2.18376e-26 0
2.1946e-26 0
2.2055e-26 0
2.21646e-26 0
2.22747e-26 0
2.23853e-26 0
2.24965e-26 0
2.26082e-26 0
2.27205e-26 0
2.28333e-26 0
2.29467e-26 0
2.30607e-26 0
2.31752e-26 0
2.32903e-26 0
2.3406e-26 0
2.35222e-26 0
2.36391e-26 0
2.37565e-26 0
2.38744e-26 0
2.3993e-26 0
2.41122e-26 0
2.42319e-26 0
2.43523e-26 0
2.44732e-26 0
2.45948e-26 0
2.47169e-26 0
2.48397e-26 0
2.4963e-26 0
2.5087e-26 0
2.52116e-26 0
2.53368e-26 0
2.54627e-26 0
2.55891e-26 0
2.57162e-26 0
2.58439e-26 0
2.59723e-26 0
2.61013e-26 0
2.62309e-26 0
2.63612e-26 0
2.64921e-26 0
2.66237e-26 0
2.67559e-26 0
2.68888e-26 0
2.70223e-26 0
2.71566e-26 0
2.72914e-26 0
2.7427e-26 0
2.75632e-26 0
2.77001e-26 0
2.78377e-26 0
2.79759e-26 0
2.81148e-26 0
2.82545e-26 0
2.83948e-26 0
2.85358e-26 0
2.86776e-26 0
2.882e-26 0
2.89631e-26 0
2.9107e-26 0
2.92515e-26 0
2.93968e-26 0
2.95428e-26 0
2.96895e-26 0
2.9837e-26 0
2.99852e-26 0
3.01341e-26 0
3.02837e-26 0
3.04342e-26 0
3.05853e-26 0
3.07372e-26 0
3.08899e-26 0
3.10433e-26 0
3.11975e-26 0
3.13524e-26 0
3.15081e-26 0
3.16646e-26 0
3.18219e-26 0
3.19799e-26 0
3.21387e-26 0
3.22983e-26 0
3.24588e-26 0
3.262e-26 0
3.2782e-26 0
3.29448e-26 0
3.31084e-26 0
3.32728e-26 0
3.34381e-26 0
3.36042e-26 0
3.37711e-26 0
3.39388e-26 0
3.41073e-26 0
3.42767e-26 0
3.4447e-26 0
3.4618e-26 0
3.479e-26 0
3.49628e-26 0
3.51364e-26 0
3.53109e-26 0
3.54863e-26 0
3.56625e-26 0
3.58396e-26 0
3.60176e-26 0
3.61965e-26 0
3.63763e-26 0
3.6557e-26 0
3.67385e-26 0
3.6921e-26 0
3.71044e-26 0
3.72886e-26 0
3.74738e-26 0
3.76599e-26 0
3.7847e-26 0
3.80349e-26 0
3.82238e-26 0
3.84137e-26 0
3.86045e-26 0
3.87962e-26 0
3.89889e-26 0
3.91825e-26 0
3.93771e-26 0
3.95727e-26 0
3.97692e-26 0
3.99667e-26 0
4.01652e-26 0
4.03647e-26 0
4.05652e-26 0
4.07667e-26 0
4.09691e-26 0
4.11726e-26 0
4.13771e-26 0
4.15826e-26 0
4.17891e-26 0
4.19966e-26 0
4.22052e-26 0
4.24148e-26 0
4.26255e-26 0
4.28372e-26 0
4.30499e-26 0
4.32637e-26 0
4.34786e-26 0
4.36946e-26 0
4.39116e-26 0
4.41297e-26 0
4.43488e-26 0
4.45691e-26 0
4.47904e-26 0
4.50129e-26 0
4.52364e-26 0
4.54611e-26 0
4.56869e-26 0
4.59138e-26 0
4.61418e-26 0
4.6371e-26 0
4.66013e-26 0
4.68327e-26 0
4.70653e-26 0
4.72991e-26 0
4.7534e-26 0
4.77701e-26 0
4.80073e-26 0
4.82458e-26 0
4.84854e-26 0
4.87262e-26 0
4.89682e-26 0
4.92114e-26 0
4.94558e-26 0
4.97014e-26 0
4.99483e-26 0
5.01963e-26 0
5.04456e-26 0
5.06962e-26 0
5.09479e-26 0
5.1201e-26 0
5.14553e-26 0
5.17108e-26 0
5.19676e-26 0
5.22257e-26 0
5.24851e-26 0
5.27458e-26 0
5.30078e-26 0
5.3271e-26 0
5.35356e-26 0
5.38015e-26 0
5.40687e-26 0
5.43372e-26 0
5.46071e-26 0
5.48783e-26 0
5.51508e-26 0
5.54247e-26 0
5.57e-26 0
5.59766e-26 0
5.62547e-26 0
5.6534e-26 0
5.68148e-26 0
5.7097e-26 0
5.73806e-26 0
5.76655e-26 0
5.79519e-26 0
5.82398e-26 0
5.8529e-26 0
5.88197e-26 0
5.91118e-26 0
5.94054e-26 0
5.97004e-26 0
5.99969e-26 0
6.02949e-26 0
6.05944e-26 0
6.08953e-26 0
6.11978e-26 0
6.15017e-26 0
6.18071e-26 0
6.21141e-26 0
6.24226e-26 0
6.27326e-26 0
6.30442e-26 0
6.33573e-26 0
6.3672e-26 0
6.39882e-26 0
6.4306e-26 0
6.46254e-26 0
6.49463e-26 0
6.52689e-26 0
6.5593e-26 0
6.59188e-26 0
6.62462e-26 0
6.65752e-26 0
6.69059e-26 0
6.72381e-26 0
6.75721e-26 0
6.79077e-26 0
6.82449e-26 0
6.85839e-26 0
6.89245e-26 0
6.92668e-26 0
6.96108e-26 0
6.99566e-26 0
7.0304e-26 0
7.06532e-26 0
7.10041e-26 0
7.13567e-26 0
7.17111e-26 0
7.20673e-26 0
7.24252e-26 0
7.27849e-26 0
7.31464e-26 0
7.35097e-26 0
7.38747e-26 0
7.42416e-26 0
7.46104e-26 0
7.49809e-26 0
7.53533e-26 0
7.57276e-26 0
7.61037e-26 0
7.64816e-26 0
7.68615e-26 0
7.72432e-26 0
7.76268e-26 0
7.80124e-26 0
7.83998e-26 0
7.87892e-26 0
7.91805e-26 0
7.95737e-26 0
7.9969e-26 0
8.03661e-26 0
8.07653e-26 0
8.11664e-26 0
8.15695e-26 0
8.19746e-26 0
8.23817e-26 0
8.27909e-26 0
8.32021e-26 0
8.36153e-26 0
8.40306e-26 0
8.44479e-26 0
8.48673e-26 0
8.52888e-26 0
8.57124e-26 0
8.61381e-26 0
8.65659e-26 0
8.69958e-26 0
8.74279e-26 0
8.78621e-26 0
8.82985e-26 0
8.8737e-26 0
8.91777e-26 0
8.96206e-26 0
9.00657e-26 0
9.0513e-26 0
9.09626e-26 0
9.14143e-26 0
9.18684e-26 0
9.23246e-26 0
9.27832e-26 0
9.3244e-26 0
9.37071e-26 0
9.41725e-26 0
9.46402e-26 0
9.51102e-26 0
9.55826e-26 0
9.60573e-26 0
9.65343e-26 0
9.70138e-26 0
9.74956e-26 0
9.79798e-26 0
9.84664e-26 0
9.89555e-26 0
9.94469e-26 0
9.99408e-26 0
1.00437e-25 0
1.00936e-25 0
1.01437e-25 0
1.01941e-25 0
1.02447e-25 0
1.02956e-25 0
1.03468e-25 0
1.03981e-25 0
1.04498e-25 0
1.05017e-25 0
1.05538e-25 0
1.06063e-25 0
1.06589e-25 0
1.07119e-25 0
1.07651e-25 0
1.08185e-25 0
1.08723e-25 0
1.09263e-25 0
1.09805e-25 0
1.10351e-25 0
1.10899e-25 0
1.11449e-25 0
1.12003e-25 0
1.12559e-25 0
1.13118e-25 0
1.1368e-25 0
1.14245e-25 0
1.14812e-25 0
1.15382e-25 0
1.15955e-25 0
1.16531e-25 0
1.1711e-25 0
1.17692e-25 0
1.18276e-25 0
1.18864e-25 0
1.19454e-25 0
1.20047e-25 0
1.20643e-25 0
1.21243e-25 0
1.21845e-25 0
1.2245e-25 0
1.23058e-25 0
1.23669e-25 0
1.24283e-25 0
1.24901e-25 0
1.25521e-25 0
1.26144e-25 0
1.26771e-25 0
1.274e-25 0
1.28033e-25 0
1.28669e-25 0
1.29308e-25 0
1.2995e-25 0
1.30596e-25 0
1.31244e-25 0
1.31896e-25 0
1.32551e-25 0
1.3321e-25 0
1.33871e-25 0
1.34536e-25 0
1.35204e-25 0
1.35876e-25 0
1.3655e-25 0
1.37229e-25 0
1.3791e-25 0
1.38595e-25 0
1.39283e-25 0
1.39975e-25 0
1.4067e-25 0
1.41369e-25 0
1.42071e-25 0
1.42777e-25 0
1.43486e-25 0
1.44198e-25 0
1.44915e-25 0
1.45634e-25 0
1.46358e-25 0
1.47085e-25 0
1.47815e-25 0
1.48549e-25 0
1.49287e-25 0
1.50028e-25 0
1.50774e-25 0
1.51522e-25 0
1.52275e-25 0
1.53031e-25 0
1.53791e-25 0
1.54555e-25 0
1.55323e-25 0
1.56094e-25 0
1.56869e-25 0
1.57648e-25 0
1.58431e-25 0
1.59218e-25 0
1.60009e-25 0
1.60804e-25 0
1.61602e-25 0
1.62405e-25 0
1.63211e-25 0
1.64022e-25 0
1.64837e-25 0
1.65655e-25 0
1.66478e-25 0
1.67305e-25 0
1.68136e-25 0
1.68971e-25 0
1.6981e-25 0
1.70653e-25 0
1.71501e-25 0
1.72353e-25 0
1.73209e-25 0
1.74069e-25 0
1.74933e-25 0
1.75802e-25 0
1.76675e-25 0
1.77553e-25 0
1.78435e-25 0
1.79321e-25 0
1.80211e-25 0
1.81106e-25 0
1.82006e-25 0
1.8291e-25 0
1.83818e-25 0
1.84731e-25 0
1.85649e-25 0
1.86571e-25 0
1.87497e-25 0
1.88429e-25 0
1.89364e-25 0
1.90305e-25 0
1.9125e-25 0
1.922e-25 0
1.93154e-25 0
1.94114e-25 0
1.95078e-25 0
1.96047e-25 0
1.9702e-25 0
1.97999e-25 0
1.98982e-25 0
1.9997e-25 0
2.00964e-25 0
2.01962e-25 0
2.02965e-25 0
2.03973e-25 0
2.04986e-25 0
2.06004e-25 0
2.07027e-25 0
2.08055e-25 0
2.09088e-25 0
2.10127e-25 0
2.1117e-25 0
2.12219e-25 0
2.13273e-25 0
2.14332e-25 0
2.15397e-25 0
2.16467e-25 0
2.17542e-25 0
2.18622e-25 0
2.19708e-25 0
2.20799e-25 0
2.21896e-25 0
2.22998e-25 0
2.24105e-25 0
2.25218e-25 0
2.26337e-25 0
2.27461e-25 0
2.28591e-25 0
2.29726e-25 0
2.30867e-25 0
2.32014e-25 0
2.33166e-25 0
2.34324e-25 0
2.35488e-25 0
2.36657e-25 0
2.37833e-25 0
2.39014e-25 0
2.40201e-25 0
2.41394e-25 0
2.42593e-25 0
2.43798e-25 0
2.45008e-25 0
2.46225e-25 0
2.47448e-25 0
2.48677e-25 0
2.49912e-25 0
2.51153e-25 0
2.52401e-25 0
2.53654e-25 0
2.54914e-25 0
2.5618e-25 0
2.57452e-25 0
2.58731e-25 0
2.60016e-25 0
2.61307e-25 0
2.62605e-25 0
2.63909e-25 0
2.6522e-25 0
2.66537e-25 0
2.67861e-25 0
2.69191e-25 0
2.70528e-25 0
2.71872e-25 0
2.73222e-25 0
2.74579e-25 0
2.75943e-25 0
2.77313e-25 0
2.78691e-25 0
2.80075e-25 0
2.81466e-25 0
2.82864e-25 0
2.84268e-25 0
2.8568e-25 0
2.87099e-25 0
2.88525e-25 0
2.89958e-25 0
2.91398e-25 0
2.92845e-25 0
2.943e-25 0
2.95761e-25 0
2.9723e-25 0
2.98706e-25 0
3.0019e-25 0
3.01681e-25 0
3.03179e-25 0
3.04685e-25 0
3.06198e-25 0
3.07719e-25 0
3.09247e-25 0
3.10783e-25 0
3.12327e-25 0
3.13878e-25 0
3.15437e-25 0
3.17003e-25 0
3.18578e-25 0
3.2016e-25 0
3.2175e-25 0
3.23348e-25 0
3.24954e-25 0
3.26568e-25 0
3.2819e-25 0
3.2982e-25 0
3.31458e-25 0
3.33104e-25 0
3.34758e-25 0
3.36421e-25 0
3.38092e-25 0
3.39771e-25 0
3.41458e-25 0
3.43154e-25 0
3.44858e-25 0
3.46571e-25 0
3.48292e-25 0
3.50022e-25 0
3.5176e-25 0
3.53508e-25 0
3.55263e-25 0
3.57028e-25 0
3.58801e-25 0
3.60583e-25 0
3.62374e-25 0
3.64173e-25 0
3.65982e-25 0
3.678e-25 0
3.69626e-25 0
3.71462e-25 0
3.73307e-25 0
3.75161e-25 0
3.77024e-25 0
3.78897e-25 0
3.80779e-25 0
3.8267e-25 0
3.8457e-25 0
3.8648e-25 0
3.884e-25 0
3.90329e-25 0
3.92267e-25 0
3.94215e-25 0
3.96173e-25 0
3.98141e-25 0
4.00118e-25 0
4.02105e-25 0
4.04103e-25 0
4.0611e-25 0
4.08126e-25 0
4.10153e-25 0
4.1219e-25 0
4.14238e-25 0
4.16295e-25 -0
4.18362e-25 -4.94066e-324
4.2044e-25 2.47033e-323
4.22528e-25 8.69556e-322
4.24627e-25 7.93963e-321
4.26736e-25 1.49257e-320
4.28855e-25 -5.09708e-319
4.30985e-25 -7.12033e-318
4.33126e-25 -3.68698e-317
4.35277e-25 1.91879e-316
4.37439e-25 5.3441e-315
4.39611e-25 4.44869e-314
4.41794e-25 4.54532e-314
4.43989e-25 -3.2648e-312
4.46194e-25 -4.12982e-311
4.4841e-25 -1.88815e-310
4.50637e-25 1.36227e-309
4.52875e-25 3.16638e-308
4.55124e-25 2.448e-307
4.57384e-25 8.60325e-308
4.59656e-25 -1.96857e-305
4.61939e-25 -2.3324e-304
4.64233e-25 -9.77922e-304
4.66539e-25 8.4671e-303
4.68856e-25 1.80145e-301
4.71184e-25 1.34159e-300
4.73525e-25 1.43542e-301
4.75876e-25 -1.10886e-298
4.7824e-25 -1.29108e-297
4.80615e-25 -5.4304e-297
4.83002e-25 4.52104e-296
4.85401e-25 9.82681e-295
4.87812e-25 7.52513e-294
4.90234e-25 4.88252e-294
4.92669e-25 -5.72982e-292
4.95116e-25 -7.1113e-291
4.97575e-25 -3.46789e-290
5.00046e-25 1.86232e-289
5.0253e-25 5.14782e-288
5.05025e-25 4.49806e-287
5.07534e-25 1.01335e-286
5.10054e-25 -2.60841e-285
5.12587e-25 -4.01295e-284
5.15133e-25 -2.60397e-283
5.17692e-25 2.72899e-283
5.20263e-25 2.62037e-281
5.22847e-25 2.97586e-280
5.25443e-25 1.38198e-279
5.28053e-25 -9.37541e-279
5.30676e-25 -2.42272e-277
5.33311e-25 -2.18387e-276
5.3596e-25 -5.42003e-276
5.38622e-25 1.34561e-274
5.41297e-25 2.19598e-273
5.43985e-25 1.52168e-272
5.46687e-25 -1.47242e-272
5.49402e-25 -1.62821e-270
5.52131e-25 -1.90584e-269
5.54873e-25 -8.53505e-269
5.57629e-25 7.5608e-268
5.60398e-25 1.75498e-266
5.63181e-25 1.47022e-265
5.65978e-25 1.48529e-265
5.68789e-25 -1.22502e-263
5.71614e-25 -1.65248e-262
5.74453e-25 -8.73059e-262
5.77306e-25 5.11796e-261
5.80173e-25 1.45551e-259
5.83055e-25 1.29686e-258
5.8595e-25 1.94951e-258
5.88861e-25 -9.97601e-257
5.91785e-25 -1.39392e-255
5.94724e-25 -7.48357e-255
5.97678e-25 4.21412e-254
6.00646e-25 1.2117e-252
6.0363e-25 1.06665e-251
6.06627e-25 1.37065e-251
6.0964e-25 -8.40508e-250
6.12668e-25 -1.13551e-248
6.15711e-25 -5.72916e-248
6.18769e-25 3.85787e-247
6.21842e-25 9.9327e-246
6.2493e-25 8.27716e-245
6.28034e-25 5.32107e-245
6.31153e-25 -7.0852e-243
6.34288e-25 -8.91846e-242
6.37438e-25 -3.99653e-241
6.40604e-25 3.5966e-240
6.43785e-25 7.94366e-239
6.46983e-25 6.09847e-238
6.50196e-25 -1.98537e-238
6.53425e-25 -5.86645e-236
6.5667e-25 -6.75563e-235
6.59932e-25 -2.53818e-234
6.63209e-25 3.26934e-233
6.66503e-25 6.17425e-232
6.69813e-25 4.27718e-231
6.7314e-25 -6.9349e-231
6.76483e-25 -4.73105e-229
6.79843e-25 -4.93838e-228
6.83219e-25 -1.43486e-227
6.86613e-25 2.8561e-226
6.90023e-25 4.65776e-225
6.9345e-25 2.8538e-224
6.96894e-25 -9.49121e-224
7.00355e-25 -3.70437e-222
7.03833e-25 -3.4846e-221
7.07329e-25 -6.72045e-221
7.10842e-25 2.39221e-219
7.14372e-25 3.40913e-218
7.1792e-25 1.804e-217
7.21486e-25 -1.01508e-216
7.25069e-25 -2.81372e-215
7.2867e-25 -2.37241e-214
7.32289e-25 -1.91299e-214
7.35926e-25 1.9241e-212
7.39581e-25 2.42065e-211
7.43254e-25 1.07067e-210
7.46945e-25 -9.54488e-210
7.50655e-25 -2.07334e-208
7.54383e-25 -1.55655e-207
7.5813e-25 7.83784e-208
7.61895e-25 1.48969e-205
7.65679e-25 1.66708e-204
7.69482e-25 5.85944e-204
7.73304e-25 -8.24204e-203
7.77144e-25 -1.48246e-201
7.81004e-25 -9.82016e-201
7.84883e-25 2.03438e-200
7.88781e-25 1.11256e-198
7.92698e-25 1.1131e-197
7.96635e-25 2.84482e-197
8.00592e-25 -6.67343e-196
8.04568e-25 -1.02866e-194
8.08564e-25 -5.93795e-194
8.1258e-25 2.38148e-193
8.16615e-25 8.02749e-192
8.20671e-25 7.20132e-191
8.24747e-25 1.1037e-190
8.28843e-25 -5.12369e-189
8.32959e-25 -6.92654e-188
8.37096e-25 -3.4259e-187
8.41254e-25 2.22694e-186
8.45432e-25 5.60064e-185
8.49631e-25 4.51189e-184
8.5385e-25 1.9545e-184
8.58091e-25 -3.75341e-182
8.62353e-25 -4.5254e-181
8.66636e-25 -1.87562e-180
8.7094e-25 1.84362e-179
8.75265e-25 3.77938e-178
8.79612e-25 2.73752e-177
8.83981e-25 -2.0421e-177
8.88371e-25 -2.63164e-175
8.92783e-25 -2.86874e-174
8.97217e-25 -9.69242e-174
9.01674e-25 1.40032e-172
9.06152e-25 2.46629e-171
9.10652e-25 1.61085e-170
9.15175e-25 -3.19174e-170
9.1972e-25 -1.76756e-168
9.24288e-25 -1.76556e-167
9.28878e-25 -4.72685e-167
9.33492e-25 9.89648e-166
9.38128e-25 1.55564e-164
9.42787e-25 9.23909e-164
9.47469e-25 -2.9413e-163
9.52175e-25 -1.13616e-161
9.56904e-25 -1.0572e-160
9.61657e-25 -2.22358e-160
9.66433e-25 6.52883e-159
9.71232e-25 9.48156e-158
9.76056e-25 5.22772e-157
9.80904e-25 -2.15657e-156
9.85775e-25 -6.96913e-155
9.90671e-25 -6.1917e-154
9.95591e-25 -1.09937e-153
1.00054e-24 3.99902e-152
1.00551e-24 5.58744e-151
1.0105e-24 2.98872e-150
1.01552e-24 -1.30516e-149
1.02056e-24 -4.05873e-148
1.02563e-24 -3.58589e-147
1.03072e-24 -6.78084e-147
1.03584e-24 2.23582e-145
1.04099e-24 3.19329e-144
1.04616e-24 1.79239e-143
1.05135e-24 -6.00696e-143
1.05657e-24 -2.2264e-141
1.06182e-24 -2.09409e-140
1.0671e-24 -5.66466e-140
1.0724e-24 1.09416e-138
1.07772e-24 1.78482e-137
1.08307e-24 1.17307e-136
1.08845e-24 -1.08155e-136
1.09386e-24 -1.13625e-134
1.09929e-24 -1.2685e-133
1.10475e-24 -5.56138e-133
1.11024e-24 4.1348e-132
1.11575e-24 9.9345e-131
1.12129e-24 8.50466e-130
1.12686e-24 1.84576e-129
1.13246e-24 -5.2928e-128
1.13808e-24 -8.20463e-127
1.14374e-24 -5.51542e-126
1.14942e-24 4.8877e-126
1.15512e-24 5.68365e-124
1.16086e-24 6.6737e-123
1.16663e-24 3.21701e-122
1.17242e-24 -2.1826e-121
1.17824e-24 -5.73981e-120
1.1841e-24 -5.20245e-119
1.18998e-24 -1.1572e-118
1.19589e-24 3.47889e-117
1.20183e-24 5.43366e-116
1.20779e-24 3.53775e-115
1.21379e-24 -7.59833e-115
1.21982e-24 -4.28524e-113
1.22588e-24 -4.60917e-112
1.23197e-24 -1.65213e-111
1.23809e-24 2.33918e-110
1.24424e-24 4.42571e-109
1.25042e-24 3.2492e-108
1.25663e-24 -2.1472e-108
1.26287e-24 -3.31113e-106
1.26914e-24 -3.84288e-105
1.27544e-24 -1.56741e-104
1.28178e-24 1.71029e-103
1.28814e-24 3.52505e-102
1.29454e-24 2.68064e-101
1.30097e-24 -7.03285e-102
1.30743e-24 -2.57069e-99
1.31392e-24 -3.04176e-98
1.32045e-24 -1.29168e-97
1.32701e-24 1.19285e-96
1.3336e-24 2.37544e-95
1.34022e-24 1.06114e-94
1.34688e-24 -2.9661e-93
1.35357e-24 -1.02808e-91
1.36029e-24 -2.55373e-90
1.36705e-24 -6.5881e-89
1.37383e-24 -1.79022e-87
1.38066e-24 -4.80698e-86
1.38752e-24 -1.27612e-84
1.39441e-24 -3.38698e-83
1.40133e-24 -8.74572e-82
1.40829e-24 -2.19665e-80
1.41529e-24 -5.5212e-79
1.42231e-24 -1.36963e-77
1.42938e-24 -3.27923e-76
1.43648e-24 -7.76787e-75
1.44361e-24 -1.83748e-73
1.45078e-24 -4.20771e-72
1.45799e-24 -9.38204e-71
1.46523e-24 -2.09406e-69
1.47251e-24 -4.581e-68
1.47982e-24 -9.64043e-67
1.48717e-24 -2.01136e-65
1.49455e-24 -4.17148e-64
1.50198e-24 -8.3098e-63
1.50944e-24 -1.61184e-61
1.51693e-24 -3.12764e-60
1.52447e-24 -5.88941e-59
1.53204e-24 -1.06008e-57
1.53965e-24 -1.89351e-56
1.54729e-24 -3.33587e-55
1.55498e-24 -5.55846e-54
1.5627e-24 -8.97001e-53
1.57046e-24 -1.44248e-51
1.57826e-24 -2.19629e-50
1.5861e-24 -3.1055e-49
1.59398e-24 -4.30105e-48
1.60189e-24 -5.64637e-47
1.60985e-24 -6.24669e-46
1.61785e-24 -5.5985e-45
1.62588e-24 -3.14632e-44
1.63396e-24 4.66378e-43
1.64207e-24 2.17443e-41
1.65023e-24 4.93528e-40
1.65842e-24 9.41694e-39
1.66666e-24 1.67779e-37
1.67494e-24 2.71959e-36
1.68325e-24 4.08844e-35
1.69161e-24 5.94493e-34
1.70002e-24 8.29649e-33
1.70846e-24 1.09629e-31
1.71694e-24 1.39542e-30
1.72547e-24 1.72419e-29
1.73404e-24 2.04262e-28
1.74265e-24 2.32229e-27
1.75131e-24 2.55917e-26
1.76001e-24 2.72215e-25
1.76875e-24 2.77833e-24
1.77753e-24 2.73496e-23
1.78636e-24 2.60159e-22
1.79523e-24 2.37778e-21
1.80415e-24 2.08702e-20
1.81311e-24 1.7651e-19
1.82211e-24 1.43481e-18
1.83116e-24 1.11701e-17
1.84026e-24 8.34054e-17
1.8494e-24 5.97355e-16
1.85858e-24 4.08865e-15
1.86781e-24 2.67099e-14
1.87709e-24 1.66641e-13
1.88641e-24 9.90483e-13
1.89578e-24 5.59178e-12
1.9052e-24 2.99662e-11
1.91466e-24 1.522e-10
1.92417e-24 7.30029e-10
1.93372e-24 3.29881e-09
1.94333e-24 1.40155e-08
1.95298e-24 5.5773e-08
1.96268e-24 2.06994e-07
1.97243e-24 7.13794e-07
1.98222e-24 2.27509e-06
1.99207e-24 6.65759e-06
2.00196e-24 1.7752e-05
2.0119e-24 4.27072e-05
2.0219e-24 9.14554e-05
2.03194e-24 0.000171081
2.04203e-24 0.00027146
2.05217e-24 0.000346606
2.06236e-24 0.000315137
2.07261e-24 0.000115756
2.0829e-24 -0.00018361
2.09324e-24 -0.000339077
2.10364e-24 -0.000121297
2.11409e-24 0.000314298
2.12459e-24 0.000405022
2.13514e-24 -9.32461e-05
2.14574e-24 -0.000479815
2.1564e-24 -2.80054e-05
2.16711e-24 0.000522572
2.17787e-24 3.79273e-05
2.18869e-24 -0.00054465
2.19956e-24 0.000116651
2.21048e-24 0.000518369
2.22146e-24 -0.000386416
2.23249e-24 -0.000267378
2.24358e-24 0.000590558
2.25473e-24 -0.000239586
2.26592e-24 -0.000344216
2.27718e-24 0.000598263
2.28849e-24 -0.000349153
2.29985e-24 -0.000140497
2.31127e-24 0.000517048
2.32275e-24 -0.000577292
2.33429e-24 0.000354408
2.34588e-24 3.72198e-06
2.35753e-24 -0.000330425
2.36924e-24 0.000530891
2.38101e-24 -0.000575796
2.39283e-24 0.0004968
2.40472e-24 -0.000347937
2.41666e-24 0.000186506
2.42866e-24 -3.66979e-05
2.44073e-24 -9.30425e-05
2.45285e-24 0.000196718
2.46503e-24 -0.000256877
2.47727e-24 0.000282223
2.48958e-24 -0.000298799
2.50194e-24 0.000304193
2.51437e-24 -0.0002668
2.52685e-24 0.000207856
2.5394e-24 -0.000154599
2.55202e-24 6.26565e-05
2.56469e-24 7.62e-05
2.57743e-24 -0.000187409
2.59023e-24 0.000300807
2.60309e-24 -0.000427236
2.61602e-24 0.000439069
2.62901e-24 -0.000370683
2.64207e-24 0.000255466
2.65519e-24 1.49221e-05
2.66838e-24 -0.000245625
2.68163e-24 0.000367963
2.69495e-24 -0.000404058
2.70834e-24 0.000138439
2.72179e-24 0.000138288
2.7353e-24 -0.000343244
2.74889e-24 0.000362357
2.76254e-24 -1.15172e-06
2.77626e-24 -0.000232115
2.79005e-24 0.000375608
2.80391e-24 -5.43989e-05
2.81783e-24 -0.000264755
2.83183e-24 0.000286819
2.84589e-24 5.59199e-06
2.86003e-24 -0.000350546
2.87423e-24 0.000108125
2.88851e-24 0.000167279
2.90285e-24 -0.000302532
2.91727e-24 -0.00019297
2.93176e-24 0.000199714
2.94632e-24 1.36911e-05
2.96095e-24 -0.000320076
2.97566e-24 -0.000135024
2.99043e-24 0.000186852
3.00529e-24 8.53712e-05
3.02021e-24 -0.000191854
3.03521e-24 -0.000145408
3.05029e-24 0.000159492
3.06544e-24 0.00030352
3.08066e-24 0.000149045
3.09596e-24 -5.9513e-05
3.11134e-24 -8.89293e-05
3.12679e-24 2.21286e-05
3.14232e-24 8.63395e-05
3.15792e-24 1.147e-05
3.17361e-24 -0.000121887
3.18937e-24 -0.000172299
3.20521e-24 -8.30638e-05
3.22113e-24 6.90525e-05
3.23713e-24 0.000154128
3.2532e-24 0.000105447
3.26936e-24 -1.01769e-05
3.2856e-24 -5.77761e-05
3.30192e-24 2.01694e-05
3.31832e-24 0.000114606
3.3348e-24 6.1093e-05
3.35136e-24 -0.000138236
3.368e-24 -0.000255932
3.38473e-24 -0.000122779
3.40154e-24 9.35538e-05
3.41843e-24 7.63544e-05
3.43541e-24 -0.000133951
3.45247e-24 -0.000149848
3.46962e-24 9.68086e-05
3.48685e-24 0.000156342
3.50417e-24 -9.46641e-05
3.52157e-24 -0.000133609
3.53906e-24 0.00013911
3.55664e-24 9.77872e-05
3.5743e-24 -0.000185306
3.59206e-24 -2.28995e-05
3.6099e-24 0.000164496
3.62782e-24 -0.000143467
3.64584e-24 -0.000120066
3.66395e-24 0.000168357
3.68215e-24 -0.000118172
3.70043e-24 -0.000104789
3.71881e-24 0.000193392
3.73728e-24 -0.000129963
3.75584e-24 8.27641e-06
3.7745e-24 0.000160162
3.79324e-24 -0.000179173
3.81208e-24 0.000132341
3.83101e-24 -4.02608e-05
3.85004e-24 -8.93588e-05
3.86916e-24 0.00014406
3.88838e-24 -0.000161178
3.90769e-24 0.000155015
3.9271e-24 -9.47843e-05
3.9466e-24 3.71397e-05
3.9662e-24 3.5055e-06
3.9859e-24 -5.25813e-05
4.0057e-24 8.9481e-05
4.02559e-24 -0.00010193
4.04558e-24 0.00011406
4.06568e-24 -0.000127739
4.08587e-24 0.000130303
4.10616e-24 -0.000125174
4.12656e-24 0.000123086
4.14705e-24 -0.000117893
4.16765e-24 0.000100597
4.18835e-24 -6.92512e-05
4.20915e-24 2.84367e-05
4.23005e-24 2.18918e-05
4.25106e-24 -7.68683e-05
4.27217e-24 0.00012487
4.29339e-24 -0.000145801
4.31471e-24 0.00012354
4.33614e-24 -5.52897e-05
4.35768e-24 -3.56608e-05
4.37932e-24 0.000108066
4.40107e-24 -0.000118435
4.42293e-24 5.73037e-05
4.4449e-24 3.66025e-05
4.46697e-24 -9.3107e-05
4.48916e-24 6.95353e-05
4.51145e-24 8.46893e-06
4.53386e-24 -6.50925e-05
4.55638e-24 5.1579e-05
4.579e-24 9.48656e-06
4.60175e-24 -5.14012e-05
4.6246e-24 3.35162e-05
4.64757e-24 2.6025e-05
4.67065e-24 -5.3126e-05
4.69385e-24 -2.58335e-06
4.71716e-24 6.28569e-05
4.74059e-24 -4.63014e-06
4.76413e-24 -7.16321e-05
4.78779e-24 -9.49473e-06
4.81157e-24 7.4314e-05
4.83547e-24 4.61459e-05
4.85948e-24 -4.72376e-05
4.88362e-24 -7.91252e-05
4.90787e-24 -1.95497e-05
4.93225e-24 5.54095e-05
4.95674e-24 7.24339e-05
4.98136e-24 2.97021e-05
5.0061e-24 -2.60251e-05
5.03097e-24 -5.37907e-05
5.05595e-24 -4.54534e-05
5.08106e-24 -1.78709e-05
5.1063e-24 7.94182e-06
5.13166e-24 2.028e-05
5.15714e-24 1.83297e-05
5.18276e-24 7.57764e-06
5.2085e-24 -5.60549e-06
5.23437e-24 -1.70461e-05
5.26036e-24 -2.50674e-05
5.28649e-24 -3.01163e-05
5.31274e-24 -3.35116e-05
5.33913e-24 -3.68117e-05
5.36565e-24 -4.11687e-05
5.39229e-24 -4.71585e-05
5.41908e-24 -5.43542e-05
5.44599e-24 -6.10731e-05
5.47304e-24 -6.42926e-05
5.50022e-24 -5.99792e-05
5.52754e-24 -4.47119e-05
5.55499e-24 -1.79095e-05
5.58258e-24 1.5107e-05
5.6103e-24 4.24927e-05
5.63817e-24 5.00054e-05
5.66617e-24 3.07818e-05
5.69431e-24 -4.89858e-06
5.72259e-24 -3.09657e-05
5.75101e-24 -2.57327e-05
5.77957e-24 2.73814e-06
5.80828e-24 1.94569e-05
5.83713e-24 4.31535e-06
5.86612e-24 -1.48467e-05
5.89525e-24 -1.85155e-06
5.92453e-24 1.90943e-05
5.95395e-24 -2.38881e-07
5.98352e-24 -2.6132e-05
6.01324e-24 5.02618e-06
6.04311e-24 3.10166e-05
6.07312e-24 -1.69755e-05
6.10328e-24 -2.61841e-05
6.13359e-24 3.39641e-05
6.16406e-24 2.61429e-06
6.19467e-24 -3.52242e-05
6.22544e-24 3.12666e-05
6.25635e-24 -3.62675e-07
6.28743e-24 -2.69848e-05
6.31865e-24 3.44423e-05
6.35003e-24 -2.38429e-05
6.38157e-24 6.59996e-06
6.41327e-24 8.92838e-06
6.44512e-24 -1.86369e-05
6.47713e-24 2.44598e-05
6.5093e-24 -2.69801e-05
6.54162e-24 2.81594e-05
6.57411e-24 -2.75265e-05
6.60676e-24 2.70076e-05
6.63958e-24 -2.80171e-05
6.67255e-24 3.04128e-05
6.70569e-24 -2.98526e-05
6.739e-24 2.80107e-05
6.77246e-24 -2.66244e-05
6.8061e-24 2.12829e-05
6.8399e-24 -6.9494e-06
6.87387e-24 -5.99242e-06
6.90801e-24 1.75519e-05
6.94232e-24 -2.79468e-05
6.9768e-24 1.92487e-05
7.01145e-24 5.64069e-07
7.04627e-24 -1.35515e-05
7.08127e-24 2.30994e-05
7.11644e-24 5.52985e-08
7.15178e-24 -1.64264e-05
7.1873e-24 1.16495e-05
7.223e-24 7.54825e-06
7.25887e-24 -1.94989e-05
7.29492e-24 -1.22463e-05
7.33115e-24 1.02119e-05
7.36756e-24 3.06457e-06
7.40415e-24 -1.87471e-05
7.44093e-24 -1.9106e-05
7.47788e-24 -4.01984e-07
7.51502e-24 1.23418e-05
7.55234e-24 9.86694e-06
7.58985e-24 1.81347e-06
7.62755e-24 -1.28575e-06
7.66543e-24 3.05909e-07
7.7035e-24 9.94331e-07
7.74176e-24 -1.96728e-06
7.78021e-24 -4.78163e-06
7.81885e-24 -8.38702e-07
7.85768e-24 9.88179e-06
7.89671e-24 1.67341e-05
7.93593e-24 9.31777e-06
7.97534e-24 -5.27831e-06
8.01495e-24 -4.30766e-06
8.05476e-24 1.16211e-05
8.09476e-24 1.13028e-05
8.13496e-24 -6.74945e-06
8.17537e-24 -1.53129e-06
8.21597e-24 1.31827e-05
8.25677e-24 -4.12906e-06
8.29778e-24 -6.60255e-06
8.33899e-24 8.7373e-06
8.38041e-24 -6.45515e-06
8.42203e-24 -1.82531e-06
8.46386e-24 7.3469e-06
8.50589e-24 -7.00179e-06
8.54814e-24 6.34672e-06
8.59059e-24 -3.77933e-06
8.63326e-24 7.14063e-07
8.67614e-24 1.49165e-06
8.71923e-24 -1.67187e-06
8.76253e-24 1.8832e-06
8.80605e-24 -1.02062e-06
8.84978e-24 -4.08743e-07
8.89374e-24 2.78877e-06
8.93791e-24 -4.63189e-06
8.9823e-24 6.31567e-06
9.02691e-24 -6.01888e-06
9.07174e-24 4.2775e-06
9.1168e-24 -4.93182e-07
9.16207e-24 -3.14899e-06
9.20758e-24 5.33887e-06
9.25331e-24 -2.16534e-06
9.29926e-24 -3.90736e-06
9.34545e-24 4.99714e-06
9.39186e-24 2.1528e-06
9.43851e-24 -4.15368e-06
9.48538e-24 -2.54666e-06
9.53249e-24 2.51386e-06
9.57984e-24 3.11198e-06
9.62742e-24 4.05259e-07
9.67523e-24 -7.23045e-07
9.72328e-24 -7.48626e-07
9.77157e-24 1.73009e-07
9.8201e-24 -1.39943e-07
9.86888e-24 -3.28085e-07
9.91789e-24 -7.27603e-07
9.96715e-24 -1.30483e-06
1.00166e-23 -7.42313e-07
1.00664e-23 -6.93138e-07
1.01164e-23 -2.12834e-07
1.01666e-23 2.75837e-07
1.02171e-23 9.0081e-07
1.02679e-23 1.377e-06
1.03189e-23 6.65954e-07
1.03701e-23 -3.33181e-08
1.04216e-23 -2.02896e-06
1.04734e-23 -2.19997e-06
1.05254e-23 -1.87602e-07
1.05777e-23 2.19438e-06
1.06302e-23 2.20066e-06
1.0683e-23 -1.01452e-06
1.07361e-23 -2.11058e-06
1.07894e-23 1.13948e-06
1.0843e-23 1.18612e-06
1.08968e-23 -9.35266e-07
1.09509e-23 4.08504e-07
1.10053e-23 9.56269e-08
1.106e-23 3.41548e-08
1.11149e-23 5.87913e-07
1.11701e-23 -9.78057e-07
1.12256e-23 1.48539e-06
1.12813e-23 -1.32051e-06
1.13374e-23 1.36551e-06
1.13937e-23 -1.23476e-06
1.14503e-23 1.50544e-06
1.15071e-23 -1.57714e-06
1.15643e-23 1.92024e-06
1.16217e-23 -1.56182e-06
1.16794e-23 7.56608e-07
1.17374e-23 4.45259e-07
1.17957e-23 -8.99423e-07
1.18543e-23 1.20511e-06
1.19132e-23 2.46767e-07
1.19724e-23 -9.34504e-07
1.20318e-23 6.83253e-08
1.20916e-23 6.25411e-07
1.21516e-23 -3.5304e-07
1.2212e-23 -1.10977e-06
1.22726e-23 -4.55033e-07
1.23336e-23 -2.38007e-07
1.23948e-23 2.84366e-07
1.24564e-23 6.6756e-07
1.25183e-23 5.263e-07
1.25804e-23 3.34219e-07
1.26429e-23 3.90078e-07
1.27057e-23 6.86074e-08
1.27688e-23 -9.54823e-07
1.28322e-23 -7.40401e-07
1.2896e-23 4.7416e-07
1.296e-23 4.36182e-07
1.30244e-23 -5.38612e-07
1.30891e-23 3.76238e-08
1.31541e-23 6.85635e-07
1.32194e-23 -3.37908e-07
1.3285e-23 1.4449e-07
1.3351e-23 1.96461e-07
1.34173e-23 -1.94776e-07
1.3484e-23 3.7819e-08
1.35509e-23 2.52042e-07
1.36182e-23 -4.38914e-08
1.36859e-23 5.61271e-08
1.37538e-23 -2.12948e-07
1.38222e-23 4.21812e-07
1.38908e-23 7.51397e-08
1.39598e-23 -3.97069e-07
1.40291e-23 4.92671e-07
1.40988e-23 7.19047e-08
1.41688e-23 -3.09433e-07
1.42392e-23 7.93546e-08
1.43099e-23 6.11091e-07
1.4381e-23 -1.06394e-07
1.44524e-23 -8.36463e-07
1.45242e-23 3.42098e-08
1.45963e-23 7.2554e-07
1.46688e-23 5.39033e-07
1.47417e-23 3.4242e-07
1.48149e-23 5.47742e-07
1.48885e-23 4.46324e-07
1.49624e-23 -3.94358e-08
1.50367e-23 3.11497e-07
1.51114e-23 1.41985e-08
1.51864e-23 5.25261e-07
1.52619e-23 4.81122e-07
1.53377e-23 3.94308e-07
1.54138e-23 3.95573e-07
1.54904e-23 -1.49944e-07
1.55673e-23 -2.34765e-07
1.56446e-23 4.47934e-08
1.57223e-23 4.00739e-07
1.58004e-23 3.55981e-08
1.58789e-23 -1.99737e-07
1.59578e-23 3.09016e-07
1.6037e-23 -1.03854e-07
1.61167e-23 4.19958e-08
1.61967e-23 3.55707e-07
1.62771e-23 -3.5752e-07
1.6358e-23 2.93328e-07
1.64392e-23 -1.4836e-07
1.65209e-23 3.68136e-07
1.66029e-23 -2.10947e-07
1.66854e-23 -5.29244e-09
1.67683e-23 1.4071e-07
1.68515e-23 -6.7117e-09
1.69352e-23 3.45074e-10
1.70193e-23 -2.2086e-08
1.71039e-23 -3.33635e-08
1.71888e-23 9.27544e-08
1.72742e-23 9.62016e-08
1.736e-23 4.46462e-08
1.74462e-23 6.96274e-08
1.75328e-23 -1.08329e-07
1.76199e-23 8.08974e-08
1.77074e-23 -2.7358e-08
1.77954e-23 2.3565e-08
1.78837e-23 -1.36197e-07
1.79726e-23 2.31353e-08
1.80618e-23 1.98142e-07
1.81515e-23 -9.4835e-08
1.82417e-23 2.18445e-08
1.83323e-23 2.13721e-08
1.84233e-23 1.18394e-07
1.85148e-23 4.51894e-08
1.86068e-23 8.27769e-08
1.86992e-23 -2.46465e-07
1.87921e-23 2.35193e-07
1.88854e-23 -9.40367e-08
1.89792e-23 3.1529e-09
1.90734e-23 1.21045e-07
1.91682e-23 -1.62188e-08
1.92634e-23 -2.36827e-07
1.9359e-23 -4.45074e-08
1.94552e-23 2.65464e-07
1.95518e-23 9.9719e-08
1.96489e-23 3.48471e-07
1.97465e-23 1.80282e-07
1.98446e-23 2.28069e-07
1.99431e-23 1.89986e-07
2.00422e-23 1.43951e-07
2.01417e-23 2.32656e-07
2.02418e-23 1.77043e-07
2.03423e-23 2.53528e-07
2.04433e-23 3.4834e-08
2.05449e-23 -8.38231e-08
2.06469e-23 1.40423e-08
2.07494e-23 4.0506e-08
2.08525e-23 -5.37434e-08
2.09561e-23 4.35487e-08
2.10601e-23 2.1724e-07
2.11647e-23 -1.57369e-07
2.12698e-23 1.61131e-08
2.13755e-23 -2.82861e-08
2.14816e-23 3.35944e-08
2.15883e-23 7.52765e-08
2.16955e-23 5.13132e-08
2.18033e-23 -2.39701e-08
2.19116e-23 -5.03072e-09
2.20204e-23 -1.89578e-07
2.21298e-23 4.84224e-08
2.22397e-23 1.90496e-07
2.23501e-23 1.05997e-08
2.24611e-23 5.74597e-08
2.25727e-23 -1.91504e-08
2.26848e-23 -4.44336e-08
2.27975e-23 1.09635e-07
2.29107e-23 5.94428e-08
2.30245e-23 -5.76905e-08
2.31388e-23 6.69921e-08
2.32537e-23 -7.43069e-08
2.33692e-23 -8.05549e-09
2.34853e-23 3.94275e-08
2.36019e-23 7.97292e-08
2.37192e-23 -3.51906e-08
2.3837e-23 7.84735e-08
2.39553e-23 -4.6178e-08
2.40743e-23 -6.94736e-08
2.41939e-23 4.87059e-08
2.4314e-23 1.98785e-07
2.44348e-23 6.74576e-08
2.45562e-23 1.22602e-07
2.46781e-23 -6.29118e-08
2.48007e-23 -8.66449e-08
2.49239e-23 3.28284e-08
2.50476e-23 3.80476e-08
2.5172e-23 1.49348e-07
2.52971e-23 1.36231e-07
2.54227e-23 8.04886e-08
2.5549e-23 -1.61133e-07
2.56758e-23 4.87033e-08
2.58034e-23 7.78994e-08
2.59315e-23 4.47964e-08
2.60603e-23 1.03362e-07
2.61897e-23 -1.26246e-08
2.63198e-23 -4.19195e-08
2.64505e-23 -1.93714e-09
2.65819e-23 8.37598e-08
2.67139e-23 -7.18763e-08
2.68466e-23 4.28416e-08
2.69799e-23 2.28974e-08
2.71139e-23 -3.78183e-08
2.72486e-23 -4.49568e-08
2.73839e-23 2.57989e-09
2.75199e-23 -8.64863e-08
2.76566e-23 1.53908e-08
2.77939e-23 6.11889e-08
2.7932e-23 4.68193e-08
2.80707e-23 2.53791e-08
2.82101e-23 -4.01873e-08
2.83502e-23 1.29727e-09
2.8491e-23 -6.20069e-08
2.86325e-23 7.83573e-08
2.87747e-23 7.3053e-08
2.89176e-23 -5.55291e-09
2.90613e-23 -1.15769e-08
2.92056e-23 4.38161e-08
2.93506e-23 8.8052e-08
2.94964e-23 -2.9393e-08
2.96429e-23 1.97774e-08
2.97901e-23 -9.87384e-09
2.99381e-23 4.39093e-08
3.00868e-23 5.38597e-08
3.02362e-23 1.00181e-07
3.03864e-23 -7.79496e-12
3.05373e-23 -3.37869e-08
3.06889e-23 -4.13059e-08
3.08414e-23 5.54779e-08
3.09945e-23 1.43621e-08
3.11485e-23 5.30737e-08
3.13032e-23 -2.16017e-08
3.14586e-23 1.4424e-08
3.16149e-23 2.92066e-08
3.17719e-23 -7.02452e-08
3.19297e-23 4.33628e-08
3.20883e-23 -1.83611e-08
3.22476e-23 -7.93317e-10
3.24078e-23 1.41127e-07
